timestamp;face id;yaw;pitch;roll;pose_state;pose_stable_state;head_drop_event;distracted_event;is_yawning;head_drops;perlook;yawn_freq;head_drop_freq;distraction_score;distraction_alert;fatigue_score;fatigue_alert
0;0;154.131;-5.680;7.066;normal;normal;0;0;0;0;0.000;0.000;0.000;0.000;False;0.000;False
1;0;153.198;-3.493;8.260;normal;normal;0;0;0;0;0.000;0.000;0.000;0.000;False;0.000;False
2;0;154.086;-3.445;8.895;normal;normal;0;0;0;0;0.000;0.000;0.000;0.000;False;0.000;False
3;0;154.938;-6.378;6.536;normal;normal;0;0;0;0;0.000;0.000;0.000;0.000;False;0.000;False
4;0;153.148;-8.199;6.469;normal;normal;0;0;0;0;0.000;0.000;0.000;0.000;False;0.000;False
5;0;153.198;-5.260;5.815;normal;normal;0;0;0;0;0.000;0.000;0.000;0.000;False;0.000;False
6;0;154.154;-6.806;6.705;normal;normal;0;0;0;0;0.000;0.000;0.000;0.000;False;0.000;False
7;0;156.726;-7.131;4.963;normal;normal;0;0;0;0;0.000;0.000;0.000;0.000;False;0.000;False
8;0;159.937;-7.260;5.035;normal;normal;0;0;0;0;0.000;0.000;0.000;0.000;False;0.000;False
9;0;164.197;-6.093;4.321;normal;normal;0;0;0;0;0.000;0.000;0.000;0.000;False;0.000;False
10;0;163.993;-6.051;4.356;normal;normal;0;0;0;0;0.000;0.000;0.000;0.000;False;0.000;False
11;0;160.417;-7.990;3.314;normal;normal;0;0;0;0;0.000;0.000;0.000;0.000;False;0.000;False
12;0;159.261;-8.313;3.398;normal;normal;0;0;0;0;0.000;0.000;0.000;0.000;False;0.000;False
13;0;158.641;-7.753;3.216;normal;normal;0;0;0;0;0.000;0.000;0.000;0.000;False;0.000;False
14;0;155.510;-6.353;5.294;normal;normal;0;0;0;0;0.000;0.000;0.000;0.000;False;0.000;False
15;0;153.648;-6.094;8.642;normal;normal;0;0;0;0;0.000;0.000;0.000;0.000;False;0.000;False
16;0;152.697;-6.332;9.400;normal;normal;0;0;0;0;0.000;0.000;0.000;0.000;False;0.000;False
17;0;152.124;-5.894;10.063;normal;normal;0;0;0;0;0.000;0.000;0.000;0.000;False;0.000;False
18;0;150.148;-3.827;10.931;looking_right;normal;0;0;0;0;0.008;0.000;0.000;0.008;False;0.001;False
19;0;155.311;-6.324;8.852;normal;normal;0;0;0;0;0.008;0.000;0.000;0.008;False;0.001;False
20;0;156.389;-5.250;6.973;normal;normal;0;0;0;0;0.008;0.000;0.000;0.008;False;0.001;False
21;0;154.929;-5.961;6.880;normal;normal;0;0;0;0;0.008;0.000;0.000;0.008;False;0.001;False
22;0;153.395;-6.606;6.649;normal;normal;0;0;0;0;0.008;0.000;0.000;0.008;False;0.001;False
23;0;150.494;-7.531;7.633;looking_right;normal;0;0;0;0;0.017;0.000;0.000;0.017;False;0.002;False
24;0;150.863;-7.413;7.471;looking_right;normal;0;0;0;0;0.025;0.000;0.000;0.025;False;0.003;False
25;0;151.099;-7.264;7.341;normal;normal;0;0;0;0;0.025;0.000;0.000;0.025;False;0.003;False
26;0;150.902;-7.221;7.483;looking_right;normal;0;0;0;0;0.033;0.000;0.000;0.033;False;0.003;False
27;0;150.681;-7.127;7.780;looking_right;looking_right;0;1;0;0;0.042;0.000;0.000;0.042;False;0.004;False
28;0;153.140;-6.046;7.293;normal;normal;0;0;0;0;0.042;0.000;0.000;0.042;False;0.004;False
29;0;153.550;-5.381;7.748;normal;normal;0;0;0;0;0.042;0.000;0.000;0.042;False;0.004;False
30;0;154.298;-5.454;7.696;normal;normal;0;0;0;0;0.042;0.000;0.000;0.042;False;0.004;False
31;0;153.865;-5.787;7.686;normal;normal;0;0;0;0;0.042;0.000;0.000;0.042;False;0.004;False
32;0;153.772;-6.661;6.919;normal;normal;0;0;0;0;0.042;0.000;0.000;0.042;False;0.004;False
33;0;153.079;-5.331;7.143;normal;normal;0;0;0;0;0.042;0.000;0.000;0.042;False;0.004;False
34;0;153.364;-4.684;7.047;normal;normal;0;0;0;0;0.042;0.000;0.000;0.042;False;0.004;False
35;0;153.143;-4.169;7.772;normal;normal;0;0;0;0;0.042;0.000;0.000;0.042;False;0.004;False
36;0;153.021;-4.067;8.016;normal;normal;0;0;0;0;0.042;0.000;0.000;0.042;False;0.004;False
37;0;150.441;-6.217;8.903;looking_right;normal;0;0;0;0;0.050;0.000;0.000;0.050;False;0.005;False
38;0;151.694;-5.923;8.157;normal;normal;0;0;0;0;0.050;0.000;0.000;0.050;False;0.005;False
39;0;156.360;-5.081;7.173;normal;normal;0;0;0;0;0.050;0.000;0.000;0.050;False;0.005;False
40;0;158.003;-4.844;6.905;normal;normal;0;0;0;0;0.050;0.000;0.000;0.050;False;0.005;False
41;0;158.044;-5.097;6.892;normal;normal;0;0;0;0;0.050;0.000;0.000;0.050;False;0.005;False
42;0;158.685;-4.682;7.342;normal;normal;0;0;0;0;0.050;0.000;0.000;0.050;False;0.005;False
43;0;157.726;-4.576;7.542;normal;normal;0;0;0;0;0.050;0.000;0.000;0.050;False;0.005;False
44;0;155.267;-5.174;8.185;normal;normal;0;0;0;0;0.050;0.000;0.000;0.050;False;0.005;False
45;0;152.444;-5.646;8.426;normal;normal;0;0;0;0;0.050;0.000;0.000;0.050;False;0.005;False
46;0;151.401;-5.718;7.602;normal;normal;0;0;0;0;0.050;0.000;0.000;0.050;False;0.005;False
47;0;150.585;-6.740;7.281;looking_right;normal;0;0;0;0;0.058;0.000;0.000;0.058;False;0.006;False
48;0;150.272;-5.871;7.537;looking_right;normal;0;0;0;0;0.067;0.000;0.000;0.067;False;0.007;False
49;0;150.414;-5.823;7.730;looking_right;normal;0;0;0;0;0.075;0.000;0.000;0.075;False;0.007;False
50;0;151.286;-5.018;6.914;normal;normal;0;0;0;0;0.075;0.000;0.000;0.075;False;0.007;False
51;0;151.812;-5.260;7.013;normal;normal;0;0;0;0;0.075;0.000;0.000;0.075;False;0.007;False
52;0;151.945;-5.319;7.025;normal;normal;0;0;0;0;0.075;0.000;0.000;0.075;False;0.007;False
53;0;152.247;-5.105;6.968;normal;normal;0;0;0;0;0.075;0.000;0.000;0.075;False;0.007;False
54;0;152.098;-5.621;7.862;normal;normal;0;0;0;0;0.075;0.000;0.000;0.075;False;0.007;False
55;0;152.438;-6.171;8.205;normal;normal;0;0;0;0;0.075;0.000;0.000;0.075;False;0.007;False
56;0;152.503;-6.077;8.100;normal;normal;0;0;0;0;0.075;0.000;0.000;0.075;False;0.007;False
57;0;152.017;-6.868;7.749;normal;normal;0;0;0;0;0.075;0.000;0.000;0.075;False;0.007;False
58;0;152.050;-7.444;7.683;normal;normal;0;0;0;0;0.075;0.000;0.000;0.075;False;0.007;False
59;0;151.442;-5.836;8.658;normal;normal;0;0;0;0;0.075;0.000;0.000;0.075;False;0.007;False
60;0;150.150;-5.074;8.515;looking_right;normal;0;0;0;0;0.083;0.000;0.000;0.083;False;0.008;False
61;0;147.840;-5.449;9.441;looking_right;normal;0;0;0;0;0.092;0.000;0.000;0.092;False;0.009;False
62;0;145.099;-5.601;9.481;looking_right;normal;0;0;0;0;0.100;0.000;0.000;0.100;False;0.010;False
63;0;146.987;-2.557;10.201;looking_right;normal;0;0;0;0;0.108;0.000;0.000;0.108;False;0.011;False
64;0;146.843;-0.649;10.601;looking_right;normal;0;0;0;0;0.117;0.000;0.000;0.117;False;0.012;False
65;0;147.953;0.792;12.802;looking_right;looking_right;0;1;0;0;0.125;0.000;0.000;0.125;False;0.013;False
66;0;148.099;-1.728;11.421;looking_right;looking_right;0;1;0;0;0.133;0.000;0.000;0.133;False;0.013;False
67;0;147.614;-1.849;10.216;looking_right;looking_right;0;1;0;0;0.142;0.000;0.000;0.142;False;0.014;False
68;0;145.368;-2.847;9.311;looking_right;looking_right;0;1;0;0;0.150;0.000;0.000;0.150;False;0.015;False
69;0;147.571;-2.234;10.352;looking_right;looking_right;0;1;0;0;0.158;0.000;0.000;0.158;False;0.016;False
70;0;147.653;-2.464;9.257;looking_right;looking_right;0;1;0;0;0.167;0.000;0.000;0.167;False;0.017;False
71;0;150.965;-4.955;6.838;looking_right;looking_right;0;1;0;0;0.175;0.000;0.000;0.175;False;0.017;False
72;0;152.117;-4.159;7.452;normal;looking_right;0;1;0;0;0.175;0.000;0.000;0.175;False;0.017;False
73;0;152.947;-5.613;7.503;normal;looking_right;0;1;0;0;0.175;0.000;0.000;0.175;False;0.017;False
74;0;151.301;-8.095;4.170;normal;looking_right;0;1;0;0;0.175;0.000;0.000;0.175;False;0.017;False
75;0;151.598;-4.995;5.508;normal;looking_right;0;1;0;0;0.175;0.000;0.000;0.175;False;0.017;False
76;0;152.248;-5.981;4.710;normal;looking_right;0;1;0;0;0.175;0.000;0.000;0.175;False;0.017;False
77;0;151.730;-6.912;4.670;normal;normal;0;0;0;0;0.175;0.000;0.000;0.175;False;0.017;False
78;0;152.253;-6.718;5.267;normal;normal;0;0;0;0;0.175;0.000;0.000;0.175;False;0.017;False
79;0;152.186;-5.984;5.607;normal;normal;0;0;0;0;0.175;0.000;0.000;0.175;False;0.017;False
80;0;152.342;-8.233;6.044;normal;normal;0;0;0;0;0.175;0.000;0.000;0.175;False;0.017;False
81;0;152.921;-4.748;5.697;normal;normal;0;0;0;0;0.175;0.000;0.000;0.175;False;0.017;False
82;0;154.305;-5.357;6.001;normal;normal;0;0;0;0;0.175;0.000;0.000;0.175;False;0.017;False
83;0;154.225;-7.082;5.247;normal;normal;0;0;0;0;0.175;0.000;0.000;0.175;False;0.017;False
84;0;154.114;-7.704;5.352;normal;normal;0;0;0;0;0.175;0.000;0.000;0.175;False;0.017;False
85;0;153.128;-6.624;7.420;normal;normal;0;0;0;0;0.175;0.000;0.000;0.175;False;0.017;False
86;0;152.794;-5.838;8.181;normal;normal;0;0;0;0;0.175;0.000;0.000;0.175;False;0.017;False
87;0;152.473;-6.141;8.294;normal;normal;0;0;0;0;0.175;0.000;0.000;0.175;False;0.017;False
88;0;153.022;-6.689;7.571;normal;normal;0;0;0;0;0.175;0.000;0.000;0.175;False;0.017;False
89;0;154.486;-5.486;7.625;normal;normal;0;0;0;0;0.175;0.000;0.000;0.175;False;0.017;False
90;0;154.099;-5.529;7.737;normal;normal;0;0;0;0;0.175;0.000;0.000;0.175;False;0.017;False
91;0;153.476;-5.643;7.835;normal;normal;0;0;0;0;0.175;0.000;0.000;0.175;False;0.017;False
92;0;151.801;-5.060;9.437;normal;normal;0;0;0;0;0.175;0.000;0.000;0.175;False;0.017;False
93;0;151.163;-4.703;9.887;normal;normal;0;0;0;0;0.175;0.000;0.000;0.175;False;0.017;False
94;0;150.704;-4.642;10.258;looking_right;normal;0;0;0;0;0.183;0.000;0.000;0.183;False;0.018;False
95;0;150.963;-5.077;9.988;looking_right;normal;0;0;0;0;0.192;0.000;0.000;0.192;False;0.019;False
96;0;150.818;-5.380;9.531;looking_right;normal;0;0;0;0;0.200;0.000;0.000;0.200;False;0.020;False
97;0;152.240;-6.004;8.701;normal;normal;0;0;0;0;0.200;0.000;0.000;0.200;False;0.020;False
98;0;151.830;-4.844;9.357;normal;normal;0;0;0;0;0.200;0.000;0.000;0.200;False;0.020;False
99;0;152.989;-5.912;8.084;normal;normal;0;0;0;0;0.200;0.000;0.000;0.200;False;0.020;False
100;0;154.812;-6.399;6.292;normal;normal;0;0;0;0;0.200;0.000;0.000;0.200;False;0.020;False
101;0;154.110;-6.617;6.357;normal;normal;0;0;0;0;0.200;0.000;0.000;0.200;False;0.020;False
102;0;153.292;-6.067;7.131;normal;normal;0;0;0;0;0.200;0.000;0.000;0.200;False;0.020;False
103;0;152.971;-5.631;7.595;normal;normal;0;0;0;0;0.200;0.000;0.000;0.200;False;0.020;False
104;0;153.124;-6.013;7.285;normal;normal;0;0;0;0;0.200;0.000;0.000;0.200;False;0.020;False
105;0;153.898;-4.247;6.844;normal;normal;0;0;0;0;0.200;0.000;0.000;0.200;False;0.020;False
106;0;154.357;-4.564;6.485;normal;normal;0;0;0;0;0.200;0.000;0.000;0.200;False;0.020;False
107;0;154.416;-4.705;6.228;normal;normal;0;0;0;0;0.200;0.000;0.000;0.200;False;0.020;False
108;0;154.316;-4.555;6.288;normal;normal;0;0;0;0;0.200;0.000;0.000;0.200;False;0.020;False
109;0;154.296;-4.329;6.053;normal;normal;0;0;0;0;0.200;0.000;0.000;0.200;False;0.020;False
110;0;154.651;-4.087;6.224;normal;normal;0;0;0;0;0.200;0.000;0.000;0.200;False;0.020;False
111;0;154.595;-4.025;6.041;normal;normal;0;0;0;0;0.200;0.000;0.000;0.200;False;0.020;False
112;0;154.436;-5.699;4.836;normal;normal;0;0;0;0;0.200;0.000;0.000;0.200;False;0.020;False
113;0;155.078;-5.686;4.765;normal;normal;0;0;0;0;0.200;0.000;0.000;0.200;False;0.020;False
114;0;155.475;-5.086;5.288;normal;normal;0;0;0;0;0.200;0.000;0.000;0.200;False;0.020;False
115;0;153.815;-5.237;5.749;normal;normal;0;0;0;0;0.200;0.000;0.000;0.200;False;0.020;False
116;0;152.832;-4.784;5.455;normal;normal;0;0;0;0;0.200;0.000;0.000;0.200;False;0.020;False
117;0;154.073;-6.326;6.762;normal;normal;0;0;0;0;0.200;0.000;0.000;0.200;False;0.020;False
118;0;155.467;-4.349;6.893;normal;normal;0;0;0;0;0.200;0.000;0.000;0.200;False;0.020;False
119;0;153.404;-4.681;8.432;normal;normal;0;0;0;0;0.200;0.000;0.000;0.200;False;0.020;False
120;0;157.222;-3.881;7.335;normal;normal;0;0;0;0;0.200;0.000;0.000;0.200;False;0.020;False
121;0;159.493;-4.433;6.031;normal;normal;0;0;0;0;0.200;0.000;0.000;0.200;False;0.020;False
122;0;160.675;-4.043;5.061;normal;normal;0;0;0;0;0.200;0.000;0.000;0.200;False;0.020;False
123;0;161.196;-3.658;5.054;normal;normal;0;0;0;0;0.200;0.000;0.000;0.200;False;0.020;False
124;0;162.082;-3.553;3.883;normal;normal;0;0;0;0;0.200;0.000;0.000;0.200;False;0.020;False
125;0;162.679;-3.507;2.839;normal;normal;0;0;0;0;0.200;0.000;0.000;0.200;False;0.020;False
126;0;163.210;-3.525;2.747;normal;normal;0;0;0;0;0.200;0.000;0.000;0.200;False;0.020;False
127;0;165.112;-2.833;1.328;normal;normal;0;0;0;0;0.200;0.000;0.000;0.200;False;0.020;False
128;0;165.312;-2.704;0.975;normal;normal;0;0;0;0;0.200;0.000;0.000;0.200;False;0.020;False
129;0;165.525;-3.291;2.128;normal;normal;0;0;0;0;0.200;0.000;0.000;0.200;False;0.020;False
130;0;165.845;-6.520;0.974;normal;normal;0;0;0;0;0.200;0.000;0.000;0.200;False;0.020;False
131;0;164.013;-3.051;1.865;normal;normal;0;0;0;0;0.200;0.000;0.000;0.200;False;0.020;False
132;0;164.315;-3.083;2.098;normal;normal;0;0;0;0;0.200;0.000;0.000;0.200;False;0.020;False
133;0;161.790;-2.074;3.418;normal;normal;0;0;0;0;0.200;0.000;0.000;0.200;False;0.020;False
134;0;163.779;-4.306;3.233;normal;normal;0;0;0;0;0.200;0.000;0.000;0.200;False;0.020;False
135;0;162.358;-4.062;4.484;normal;normal;0;0;0;0;0.200;0.000;0.000;0.200;False;0.020;False
136;0;162.905;-3.437;3.756;normal;normal;0;0;0;0;0.200;0.000;0.000;0.200;False;0.020;False
137;0;162.709;-3.745;3.781;normal;normal;0;0;0;0;0.200;0.000;0.000;0.200;False;0.020;False
138;0;161.641;-4.418;4.345;normal;normal;0;0;0;0;0.192;0.000;0.000;0.192;False;0.019;False
139;0;157.198;-3.690;4.852;normal;normal;0;0;0;0;0.192;0.000;0.000;0.192;False;0.019;False
140;0;155.970;-3.961;4.922;normal;normal;0;0;0;0;0.192;0.000;0.000;0.192;False;0.019;False
141;0;154.774;-4.070;5.039;normal;normal;0;0;0;0;0.192;0.000;0.000;0.192;False;0.019;False
142;0;154.340;-6.416;5.617;normal;normal;0;0;0;0;0.192;0.000;0.000;0.192;False;0.019;False
143;0;152.887;-4.636;5.518;normal;normal;0;0;0;0;0.183;0.000;0.000;0.183;False;0.018;False
144;0;151.747;-8.078;5.388;normal;normal;0;0;0;0;0.175;0.000;0.000;0.175;False;0.017;False
145;0;153.745;-5.842;3.653;normal;normal;0;0;0;0;0.175;0.000;0.000;0.175;False;0.017;False
146;0;152.875;-6.753;3.716;normal;normal;0;0;0;0;0.167;0.000;0.000;0.167;False;0.017;False
147;0;155.109;-4.445;2.515;normal;normal;0;0;0;0;0.158;0.000;0.000;0.158;False;0.016;False
148;0;154.904;-4.679;2.988;normal;normal;0;0;0;0;0.158;0.000;0.000;0.158;False;0.016;False
149;0;153.207;-6.215;6.502;normal;normal;0;0;0;0;0.158;0.000;0.000;0.158;False;0.016;False
150;0;153.146;-5.707;7.536;normal;normal;0;0;0;0;0.158;0.000;0.000;0.158;False;0.016;False
151;0;152.944;-5.654;8.444;normal;normal;0;0;0;0;0.158;0.000;0.000;0.158;False;0.016;False
152;0;152.143;-5.250;8.677;normal;normal;0;0;0;0;0.158;0.000;0.000;0.158;False;0.016;False
153;0;151.974;-3.466;8.233;normal;normal;0;0;0;0;0.158;0.000;0.000;0.158;False;0.016;False
154;0;151.583;-7.044;7.116;normal;normal;0;0;0;0;0.158;0.000;0.000;0.158;False;0.016;False
155;0;154.544;-7.363;4.956;normal;normal;0;0;0;0;0.158;0.000;0.000;0.158;False;0.016;False
156;0;155.746;-5.988;3.902;normal;normal;0;0;0;0;0.158;0.000;0.000;0.158;False;0.016;False
157;0;155.687;-5.990;3.747;normal;normal;0;0;0;0;0.150;0.000;0.000;0.150;False;0.015;False
158;0;156.492;-7.350;3.868;normal;normal;0;0;0;0;0.150;0.000;0.000;0.150;False;0.015;False
159;0;156.901;-7.597;3.858;normal;normal;0;0;0;0;0.150;0.000;0.000;0.150;False;0.015;False
160;0;156.164;-7.515;3.982;normal;normal;0;0;0;0;0.150;0.000;0.000;0.150;False;0.015;False
161;0;155.158;-5.931;5.474;normal;normal;0;0;0;0;0.150;0.000;0.000;0.150;False;0.015;False
162;0;156.142;-4.956;7.151;normal;normal;0;0;0;0;0.150;0.000;0.000;0.150;False;0.015;False
163;0;154.937;-8.796;5.862;normal;normal;0;0;0;0;0.150;0.000;0.000;0.150;False;0.015;False
164;0;155.125;-9.309;4.992;normal;normal;0;0;0;0;0.150;0.000;0.000;0.150;False;0.015;False
165;0;155.475;-7.312;3.945;normal;normal;0;0;0;0;0.150;0.000;0.000;0.150;False;0.015;False
166;0;155.473;-9.108;5.070;normal;normal;0;0;0;0;0.150;0.000;0.000;0.150;False;0.015;False
167;0;155.633;-8.939;5.159;normal;normal;0;0;0;0;0.142;0.000;0.000;0.142;False;0.014;False
168;0;155.081;-8.758;5.762;normal;normal;0;0;0;0;0.133;0.000;0.000;0.133;False;0.013;False
169;0;155.479;-5.349;5.292;normal;normal;0;0;0;0;0.125;0.000;0.000;0.125;False;0.013;False
170;0;154.885;-4.926;6.135;normal;normal;0;0;0;0;0.125;0.000;0.000;0.125;False;0.013;False
171;0;153.661;-4.823;5.877;normal;normal;0;0;0;0;0.125;0.000;0.000;0.125;False;0.013;False
172;0;153.338;-4.938;5.592;normal;normal;0;0;0;0;0.125;0.000;0.000;0.125;False;0.013;False
173;0;153.504;-5.030;5.572;normal;normal;0;0;0;0;0.125;0.000;0.000;0.125;False;0.013;False
174;0;153.912;-4.887;6.074;normal;normal;0;0;0;0;0.125;0.000;0.000;0.125;False;0.013;False
175;0;153.668;-5.104;6.518;normal;normal;0;0;0;0;0.125;0.000;0.000;0.125;False;0.013;False
176;0;151.699;-6.839;7.853;normal;normal;0;0;0;0;0.125;0.000;0.000;0.125;False;0.013;False
177;0;149.717;-5.475;7.697;looking_right;normal;0;0;0;0;0.133;0.000;0.000;0.133;False;0.013;False
178;0;149.166;-5.846;7.866;looking_right;normal;0;0;0;0;0.142;0.000;0.000;0.142;False;0.014;False
179;0;148.876;-7.230;8.949;looking_right;normal;0;0;0;0;0.150;0.000;0.000;0.150;False;0.015;False
180;0;150.448;-3.012;11.223;looking_right;normal;0;0;0;0;0.150;0.000;0.000;0.150;False;0.015;False
181;0;153.863;-2.768;13.668;normal;normal;0;0;0;0;0.142;0.000;0.000;0.142;False;0.014;False
182;0;156.843;-2.002;12.006;normal;normal;0;0;0;0;0.133;0.000;0.000;0.133;False;0.013;False
183;0;157.102;-2.033;11.810;normal;normal;0;0;0;0;0.125;0.000;0.000;0.125;False;0.013;False
184;0;157.277;-1.637;11.805;normal;normal;0;0;0;0;0.117;0.000;0.000;0.117;False;0.012;False
185;0;157.579;-1.717;11.101;normal;normal;0;0;0;0;0.108;0.000;0.000;0.108;False;0.011;False
186;0;158.950;-2.529;9.664;normal;normal;0;0;0;0;0.100;0.000;0.000;0.100;False;0.010;False
187;0;158.246;-3.997;10.614;normal;normal;0;0;0;0;0.092;0.000;0.000;0.092;False;0.009;False
188;0;157.893;-4.052;8.867;normal;normal;0;0;0;0;0.083;0.000;0.000;0.083;False;0.008;False
189;0;157.101;-5.401;6.980;normal;normal;0;0;0;0;0.075;0.000;0.000;0.075;False;0.007;False
190;0;155.787;-6.275;5.912;normal;normal;0;0;0;0;0.067;0.000;0.000;0.067;False;0.007;False
191;0;156.263;-6.490;4.215;normal;normal;0;0;0;0;0.058;0.000;0.000;0.058;False;0.006;False
192;0;155.670;-6.813;4.164;normal;normal;0;0;0;0;0.058;0.000;0.000;0.058;False;0.006;False
193;0;155.553;-6.589;4.382;normal;normal;0;0;0;0;0.058;0.000;0.000;0.058;False;0.006;False
194;0;155.022;-9.070;5.237;normal;normal;0;0;0;0;0.058;0.000;0.000;0.058;False;0.006;False
195;0;155.633;-8.901;4.930;normal;normal;0;0;0;0;0.058;0.000;0.000;0.058;False;0.006;False
196;0;155.667;-5.715;5.455;normal;normal;0;0;0;0;0.058;0.000;0.000;0.058;False;0.006;False
197;0;155.929;-6.087;5.553;normal;normal;0;0;0;0;0.058;0.000;0.000;0.058;False;0.006;False
198;0;156.416;-5.845;5.287;normal;normal;0;0;0;0;0.058;0.000;0.000;0.058;False;0.006;False
199;0;156.184;-5.712;6.072;normal;normal;0;0;0;0;0.058;0.000;0.000;0.058;False;0.006;False
200;0;155.866;-6.091;5.994;normal;normal;0;0;0;0;0.058;0.000;0.000;0.058;False;0.006;False
201;0;156.007;-5.993;5.732;normal;normal;0;0;0;0;0.058;0.000;0.000;0.058;False;0.006;False
202;0;157.552;-7.785;4.956;normal;normal;0;0;0;0;0.058;0.000;0.000;0.058;False;0.006;False
203;0;160.400;-4.458;4.432;normal;normal;0;0;0;0;0.058;0.000;0.000;0.058;False;0.006;False
204;0;163.707;-3.959;2.572;normal;normal;0;0;0;0;0.058;0.000;0.000;0.058;False;0.006;False
205;0;163.563;-3.912;2.448;normal;normal;0;0;0;0;0.058;0.000;0.000;0.058;False;0.006;False
206;0;163.509;-4.078;2.679;normal;normal;0;0;0;0;0.058;0.000;0.000;0.058;False;0.006;False
207;0;163.107;-3.373;2.021;normal;normal;0;0;0;0;0.058;0.000;0.000;0.058;False;0.006;False
208;0;161.460;-4.511;2.612;normal;normal;0;0;0;0;0.058;0.000;0.000;0.058;False;0.006;False
209;0;159.304;-5.015;3.721;normal;normal;0;0;0;0;0.058;0.000;0.000;0.058;False;0.006;False
210;0;158.404;-5.489;3.646;normal;normal;0;0;0;0;0.058;0.000;0.000;0.058;False;0.006;False
211;0;157.286;-5.747;3.283;normal;normal;0;0;0;0;0.058;0.000;0.000;0.058;False;0.006;False
212;0;154.692;-6.118;3.432;normal;normal;0;0;0;0;0.058;0.000;0.000;0.058;False;0.006;False
213;0;154.210;-8.502;4.220;normal;normal;0;0;0;0;0.058;0.000;0.000;0.058;False;0.006;False
214;0;152.561;-7.964;3.399;normal;normal;0;0;0;0;0.050;0.000;0.000;0.050;False;0.005;False
215;0;152.177;-5.990;3.360;normal;normal;0;0;0;0;0.042;0.000;0.000;0.042;False;0.004;False
216;0;151.369;-9.953;-0.084;normal;normal;0;0;0;0;0.033;0.000;0.000;0.033;False;0.003;False
217;0;151.356;-8.457;1.297;normal;normal;0;0;0;0;0.033;0.000;0.000;0.033;False;0.003;False
218;0;151.230;-9.261;1.618;normal;normal;0;0;0;0;0.033;0.000;0.000;0.033;False;0.003;False
219;0;152.260;-7.896;2.225;normal;normal;0;0;0;0;0.033;0.000;0.000;0.033;False;0.003;False
220;0;152.591;-5.938;2.465;normal;normal;0;0;0;0;0.033;0.000;0.000;0.033;False;0.003;False
221;0;155.622;-6.862;4.013;normal;normal;0;0;0;0;0.033;0.000;0.000;0.033;False;0.003;False
222;0;156.471;-5.306;1.023;normal;normal;0;0;0;0;0.033;0.000;0.000;0.033;False;0.003;False
223;0;153.845;-5.200;1.205;normal;normal;0;0;0;0;0.033;0.000;0.000;0.033;False;0.003;False
224;0;151.880;-6.542;1.806;normal;normal;0;0;0;0;0.033;0.000;0.000;0.033;False;0.003;False
225;0;151.941;-4.865;2.831;normal;normal;0;0;0;0;0.033;0.000;0.000;0.033;False;0.003;False
226;0;153.615;-3.239;2.454;normal;normal;0;0;0;0;0.033;0.000;0.000;0.033;False;0.003;False
227;0;156.734;-2.057;2.268;normal;normal;0;0;0;0;0.033;0.000;0.000;0.033;False;0.003;False
228;0;157.719;-2.017;2.044;normal;normal;0;0;0;0;0.033;0.000;0.000;0.033;False;0.003;False
229;0;159.320;-4.134;2.168;normal;normal;0;0;0;0;0.033;0.000;0.000;0.033;False;0.003;False
230;0;159.332;-3.226;1.810;normal;normal;0;0;0;0;0.033;0.000;0.000;0.033;False;0.003;False
231;0;159.023;-4.163;2.531;normal;normal;0;0;0;0;0.033;0.000;0.000;0.033;False;0.003;False
232;0;159.013;-5.755;2.941;normal;normal;0;0;0;0;0.033;0.000;0.000;0.033;False;0.003;False
233;0;157.532;-5.471;4.220;normal;normal;0;0;0;0;0.033;0.000;0.000;0.033;False;0.003;False
234;0;159.064;-2.237;4.049;normal;normal;0;0;0;0;0.033;0.000;0.000;0.033;False;0.003;False
235;0;158.688;-4.449;3.522;normal;normal;0;0;0;0;0.033;0.000;0.000;0.033;False;0.003;False
236;0;161.514;-3.809;2.463;normal;normal;0;0;0;0;0.033;0.000;0.000;0.033;False;0.003;False
237;0;162.348;-4.144;2.504;normal;normal;0;0;0;0;0.033;0.000;0.000;0.033;False;0.003;False
238;0;161.268;-5.706;1.671;normal;normal;0;0;0;0;0.033;0.000;0.000;0.033;False;0.003;False
239;0;160.716;-5.945;1.759;normal;normal;0;0;0;0;0.033;0.000;0.000;0.033;False;0.003;False
240;0;156.656;-5.369;3.875;normal;normal;0;0;0;0;0.033;0.000;0.000;0.033;False;0.003;False
241;0;154.538;-4.593;5.321;normal;normal;0;0;0;0;0.033;0.000;0.000;0.033;False;0.003;False
242;0;152.412;-8.704;6.673;normal;normal;0;0;0;0;0.033;0.000;0.000;0.033;False;0.003;False
243;0;151.202;-8.887;7.764;normal;normal;0;0;0;0;0.033;0.000;0.000;0.033;False;0.003;False
244;0;151.341;-8.818;7.940;normal;normal;0;0;0;0;0.033;0.000;0.000;0.033;False;0.003;False
245;0;152.338;-9.215;7.272;normal;normal;0;0;0;0;0.033;0.000;0.000;0.033;False;0.003;False
246;0;153.579;-7.411;5.508;normal;normal;0;0;0;0;0.033;0.000;0.000;0.033;False;0.003;False
247;0;154.385;-8.280;4.592;normal;normal;0;0;0;0;0.033;0.000;0.000;0.033;False;0.003;False
248;0;155.283;-8.170;3.813;normal;normal;0;0;0;0;0.033;0.000;0.000;0.033;False;0.003;False
249;0;155.883;-6.931;3.215;normal;normal;0;0;0;0;0.033;0.000;0.000;0.033;False;0.003;False
250;0;156.253;-6.032;2.933;normal;normal;0;0;0;0;0.033;0.000;0.000;0.033;False;0.003;False
251;0;156.368;-6.124;3.026;normal;normal;0;0;0;0;0.033;0.000;0.000;0.033;False;0.003;False
252;0;157.042;-6.300;3.788;normal;normal;0;0;0;0;0.033;0.000;0.000;0.033;False;0.003;False
253;0;156.562;-6.385;3.682;normal;normal;0;0;0;0;0.033;0.000;0.000;0.033;False;0.003;False
254;0;155.953;-7.617;3.556;normal;normal;0;0;0;0;0.033;0.000;0.000;0.033;False;0.003;False
255;0;156.204;-8.037;3.657;normal;normal;0;0;0;0;0.033;0.000;0.000;0.033;False;0.003;False
256;0;156.942;-7.571;3.729;normal;normal;0;0;0;0;0.033;0.000;0.000;0.033;False;0.003;False
257;0;156.376;-7.150;4.173;normal;normal;0;0;0;0;0.033;0.000;0.000;0.033;False;0.003;False
258;0;152.262;-5.093;6.355;normal;normal;0;0;0;0;0.033;0.000;0.000;0.033;False;0.003;False
259;0;150.044;-7.013;10.073;looking_right;normal;0;0;0;0;0.042;0.000;0.000;0.042;False;0.004;False
260;0;151.531;-5.781;10.659;normal;normal;0;0;0;0;0.042;0.000;0.000;0.042;False;0.004;False
261;0;156.283;-6.079;5.511;normal;normal;0;0;0;0;0.042;0.000;0.000;0.042;False;0.004;False
262;0;155.971;-6.212;5.276;normal;normal;0;0;0;0;0.042;0.000;0.000;0.042;False;0.004;False
263;0;155.951;-5.663;6.021;normal;normal;0;0;0;0;0.042;0.000;0.000;0.042;False;0.004;False
264;0;155.648;-5.808;5.982;normal;normal;0;0;0;0;0.042;0.000;0.000;0.042;False;0.004;False
265;0;155.957;-7.199;4.741;normal;normal;0;0;0;0;0.042;0.000;0.000;0.042;False;0.004;False
266;0;155.185;-5.796;5.818;normal;normal;0;0;0;0;0.042;0.000;0.000;0.042;False;0.004;False
267;0;155.510;-5.819;6.045;normal;normal;0;0;0;0;0.042;0.000;0.000;0.042;False;0.004;False
268;0;155.956;-7.077;4.765;normal;normal;0;0;0;0;0.042;0.000;0.000;0.042;False;0.004;False
269;0;155.718;-5.888;5.037;normal;normal;0;0;0;0;0.042;0.000;0.000;0.042;False;0.004;False
270;0;153.968;-5.434;5.616;normal;normal;0;0;0;0;0.042;0.000;0.000;0.042;False;0.004;False
271;0;153.800;-4.478;6.833;normal;normal;0;0;0;0;0.042;0.000;0.000;0.042;False;0.004;False
272;0;151.087;-5.731;7.918;normal;normal;0;0;0;0;0.042;0.000;0.000;0.042;False;0.004;False
273;0;152.979;-5.680;7.920;normal;normal;0;0;0;0;0.042;0.000;0.000;0.042;False;0.004;False
274;0;153.087;-6.187;7.432;normal;normal;0;0;0;0;0.042;0.000;0.000;0.042;False;0.004;False
275;0;152.979;-6.261;6.744;normal;normal;0;0;0;0;0.042;0.000;0.000;0.042;False;0.004;False
276;0;154.151;-6.861;4.897;normal;normal;0;0;0;0;0.042;0.000;0.000;0.042;False;0.004;False
277;0;154.262;-6.701;4.847;normal;normal;0;0;0;0;0.042;0.000;0.000;0.042;False;0.004;False
278;0;154.144;-6.652;4.977;normal;normal;0;0;0;0;0.042;0.000;0.000;0.042;False;0.004;False
279;0;151.629;-7.188;6.016;normal;normal;0;0;0;0;0.042;0.000;0.000;0.042;False;0.004;False
280;0;153.115;-5.653;5.859;normal;normal;0;0;0;0;0.042;0.000;0.000;0.042;False;0.004;False
281;0;152.925;-5.760;5.866;normal;normal;0;0;0;0;0.042;0.000;0.000;0.042;False;0.004;False
282;0;153.357;-3.619;5.024;normal;normal;0;0;0;0;0.042;0.000;0.000;0.042;False;0.004;False
283;0;153.607;-3.922;4.744;normal;normal;0;0;0;0;0.042;0.000;0.000;0.042;False;0.004;False
284;0;154.176;-4.221;4.768;normal;normal;0;0;0;0;0.042;0.000;0.000;0.042;False;0.004;False
285;0;153.916;-4.378;4.796;normal;normal;0;0;0;0;0.042;0.000;0.000;0.042;False;0.004;False
286;0;153.551;-4.416;4.837;normal;normal;0;0;0;0;0.042;0.000;0.000;0.042;False;0.004;False
287;0;151.435;-4.309;5.103;normal;normal;0;0;0;0;0.042;0.000;0.000;0.042;False;0.004;False
288;0;149.339;-7.556;7.155;looking_right;normal;0;0;0;0;0.050;0.000;0.000;0.050;False;0.005;False
289;0;149.688;-7.709;6.113;looking_right;normal;0;0;0;0;0.058;0.000;0.000;0.058;False;0.006;False
290;0;150.042;-7.992;6.178;looking_right;normal;0;0;0;0;0.067;0.000;0.000;0.067;False;0.007;False
291;0;150.332;-7.760;6.332;looking_right;normal;0;0;0;0;0.075;0.000;0.000;0.075;False;0.007;False
292;0;150.003;-5.411;6.131;looking_right;normal;0;0;0;0;0.083;0.000;0.000;0.083;False;0.008;False
293;0;151.243;-8.066;6.030;normal;normal;0;0;0;0;0.083;0.000;0.000;0.083;False;0.008;False
294;0;151.771;-8.511;5.732;normal;normal;0;0;0;0;0.083;0.000;0.000;0.083;False;0.008;False
295;0;152.309;-8.626;5.735;normal;normal;0;0;0;0;0.083;0.000;0.000;0.083;False;0.008;False
296;0;152.478;-8.673;5.889;normal;normal;0;0;0;0;0.083;0.000;0.000;0.083;False;0.008;False
297;0;152.811;-8.699;5.903;normal;looking_right;0;1;0;0;0.075;0.000;0.000;0.075;False;0.007;False
298;0;153.331;-7.166;4.591;normal;normal;0;0;0;0;0.067;0.000;0.000;0.067;False;0.007;False
299;0;153.497;-7.504;3.807;normal;normal;0;0;0;0;0.058;0.000;0.000;0.058;False;0.006;False
300;0;155.252;-8.905;3.276;normal;normal;0;0;0;0;0.050;0.000;0.000;0.050;False;0.005;False
301;0;155.239;-9.139;2.910;normal;normal;0;0;0;0;0.050;0.000;0.000;0.050;False;0.005;False
302;0;155.563;-8.825;2.289;normal;normal;0;0;0;0;0.050;0.000;0.000;0.050;False;0.005;False
303;0;154.303;-7.362;2.314;normal;normal;0;0;0;0;0.050;0.000;0.000;0.050;False;0.005;False
304;0;155.875;-6.605;1.886;normal;normal;0;0;0;0;0.050;0.000;0.000;0.050;False;0.005;False
305;0;155.974;-7.005;2.384;normal;normal;0;0;0;0;0.050;0.000;0.000;0.050;False;0.005;False
306;0;155.629;-7.868;4.223;normal;normal;0;0;0;0;0.050;0.000;0.000;0.050;False;0.005;False
307;0;155.593;-7.574;4.778;normal;normal;0;0;0;0;0.050;0.000;0.000;0.050;False;0.005;False
308;0;155.524;-7.377;5.027;normal;normal;0;0;0;0;0.050;0.000;0.000;0.050;False;0.005;False
309;0;155.637;-4.299;4.830;normal;normal;0;0;0;0;0.050;0.000;0.000;0.050;False;0.005;False
310;0;155.192;-4.611;4.810;normal;normal;0;0;0;0;0.050;0.000;0.000;0.050;False;0.005;False
311;0;155.144;-4.681;4.886;normal;normal;0;0;0;0;0.050;0.000;0.000;0.050;False;0.005;False
312;0;155.210;-4.849;4.734;normal;normal;0;0;0;0;0.050;0.000;0.000;0.050;False;0.005;False
313;0;155.325;-4.806;4.828;normal;normal;0;0;0;0;0.050;0.000;0.000;0.050;False;0.005;False
314;0;155.056;-4.901;4.958;normal;normal;0;0;0;0;0.050;0.000;0.000;0.050;False;0.005;False
315;0;156.989;-5.719;5.130;normal;normal;0;0;0;0;0.050;0.000;0.000;0.050;False;0.005;False
316;0;154.445;-4.938;4.978;normal;normal;0;0;0;0;0.050;0.000;0.000;0.050;False;0.005;False
317;0;153.355;-8.183;5.344;normal;normal;0;0;0;0;0.050;0.000;0.000;0.050;False;0.005;False
318;0;153.284;-8.140;5.447;normal;normal;0;0;0;0;0.050;0.000;0.000;0.050;False;0.005;False
319;0;153.154;-7.586;6.241;normal;normal;0;0;0;0;0.050;0.000;0.000;0.050;False;0.005;False
320;0;152.381;-7.130;6.439;normal;normal;0;0;0;0;0.050;0.000;0.000;0.050;False;0.005;False
321;0;152.045;-5.133;6.119;normal;normal;0;0;0;0;0.050;0.000;0.000;0.050;False;0.005;False
322;0;151.372;-6.605;6.585;normal;normal;0;0;0;0;0.050;0.000;0.000;0.050;False;0.005;False
323;0;152.693;-6.523;6.978;normal;normal;0;0;0;0;0.050;0.000;0.000;0.050;False;0.005;False
324;0;152.854;-6.782;6.598;normal;normal;0;0;0;0;0.050;0.000;0.000;0.050;False;0.005;False
325;0;152.448;-6.840;6.096;normal;normal;0;0;0;0;0.050;0.000;0.000;0.050;False;0.005;False
326;0;153.805;-6.431;5.083;normal;normal;0;0;0;0;0.050;0.000;0.000;0.050;False;0.005;False
327;0;152.819;-5.598;5.624;normal;normal;0;0;0;0;0.050;0.000;0.000;0.050;False;0.005;False
328;0;152.973;-5.508;5.563;normal;normal;0;0;0;0;0.050;0.000;0.000;0.050;False;0.005;False
329;0;152.962;-5.356;5.665;normal;normal;0;0;0;0;0.050;0.000;0.000;0.050;False;0.005;False
330;0;153.158;-5.301;5.600;normal;normal;0;0;0;0;0.050;0.000;0.000;0.050;False;0.005;False
331;0;153.504;-5.218;5.463;normal;normal;0;0;0;0;0.050;0.000;0.000;0.050;False;0.005;False
332;0;153.582;-4.944;5.833;normal;normal;0;0;0;0;0.050;0.000;0.000;0.050;False;0.005;False
333;0;154.814;-6.058;6.504;normal;normal;0;0;0;0;0.050;0.000;0.000;0.050;False;0.005;False
334;0;152.832;-6.677;6.632;normal;normal;0;0;0;0;0.050;0.000;0.000;0.050;False;0.005;False
335;0;153.914;-6.891;6.591;normal;normal;0;0;0;0;0.050;0.000;0.000;0.050;False;0.005;False
336;0;154.709;-6.630;6.498;normal;normal;0;0;0;0;0.050;0.000;0.000;0.050;False;0.005;False
337;0;155.188;-6.506;6.488;normal;normal;0;0;0;0;0.050;0.000;0.000;0.050;False;0.005;False
338;0;155.249;-6.458;6.626;normal;normal;0;0;0;0;0.050;0.000;0.000;0.050;False;0.005;False
339;0;155.011;-6.373;6.783;normal;normal;0;0;0;0;0.050;0.000;0.000;0.050;False;0.005;False
340;0;155.070;-6.477;6.675;normal;normal;0;0;0;0;0.050;0.000;0.000;0.050;False;0.005;False
341;0;154.244;-6.361;6.040;normal;normal;0;0;0;0;0.050;0.000;0.000;0.050;False;0.005;False
342;0;153.871;-7.196;6.013;normal;normal;0;0;0;0;0.050;0.000;0.000;0.050;False;0.005;False
343;0;154.439;-11.211;4.852;normal;normal;0;0;0;0;0.050;0.000;0.000;0.050;False;0.005;False
344;0;154.095;-11.515;4.977;normal;normal;0;0;0;0;0.050;0.000;0.000;0.050;False;0.005;False
345;0;153.803;-11.471;5.194;normal;normal;0;0;0;0;0.050;0.000;0.000;0.050;False;0.005;False
346;0;154.098;-11.331;5.567;normal;normal;0;0;0;0;0.050;0.000;0.000;0.050;False;0.005;False
347;0;154.477;-10.994;5.759;normal;normal;0;0;0;0;0.050;0.000;0.000;0.050;False;0.005;False
348;0;153.560;-6.598;6.393;normal;normal;0;0;0;0;0.050;0.000;0.000;0.050;False;0.005;False
349;0;153.769;-6.453;6.218;normal;normal;0;0;0;0;0.050;0.000;0.000;0.050;False;0.005;False
350;0;153.317;-5.395;5.984;normal;normal;0;0;0;0;0.050;0.000;0.000;0.050;False;0.005;False
351;0;153.412;-5.666;6.431;normal;normal;0;0;0;0;0.050;0.000;0.000;0.050;False;0.005;False
352;0;153.336;-5.446;8.068;normal;normal;0;0;0;0;0.050;0.000;0.000;0.050;False;0.005;False
353;0;153.321;-6.689;7.028;normal;normal;0;0;0;0;0.050;0.000;0.000;0.050;False;0.005;False
354;0;154.474;-7.266;6.276;normal;normal;0;0;0;0;0.050;0.000;0.000;0.050;False;0.005;False
355;0;153.984;-7.024;6.521;normal;normal;0;0;0;0;0.050;0.000;0.000;0.050;False;0.005;False
356;0;153.425;-7.151;6.770;normal;normal;0;0;0;0;0.050;0.000;0.000;0.050;False;0.005;False
357;0;153.742;-7.379;6.477;normal;normal;0;0;0;0;0.050;0.000;0.000;0.050;False;0.005;False
358;0;153.243;-7.237;6.269;normal;normal;0;0;0;0;0.050;0.000;0.000;0.050;False;0.005;False
359;0;152.669;-6.940;6.303;normal;normal;0;0;0;0;0.050;0.000;0.000;0.050;False;0.005;False
360;0;152.643;-6.691;6.226;normal;normal;0;0;0;0;0.050;0.000;0.000;0.050;False;0.005;False
361;0;153.819;-6.922;6.759;normal;normal;0;0;0;0;0.050;0.000;0.000;0.050;False;0.005;False
362;0;154.212;-7.224;6.673;normal;normal;0;0;0;0;0.050;0.000;0.000;0.050;False;0.005;False
363;0;153.850;-7.141;6.381;normal;normal;0;0;0;0;0.050;0.000;0.000;0.050;False;0.005;False
364;0;153.823;-7.192;6.022;normal;normal;0;0;0;0;0.050;0.000;0.000;0.050;False;0.005;False
365;0;153.011;-7.741;5.955;normal;normal;0;0;0;0;0.050;0.000;0.000;0.050;False;0.005;False
366;0;152.559;-7.623;6.189;normal;normal;0;0;0;0;0.050;0.000;0.000;0.050;False;0.005;False
367;0;152.684;-7.711;6.080;normal;normal;0;0;0;0;0.050;0.000;0.000;0.050;False;0.005;False
368;0;152.383;-7.430;6.103;normal;normal;0;0;0;0;0.050;0.000;0.000;0.050;False;0.005;False
369;0;152.489;-7.181;6.175;normal;normal;0;0;0;0;0.050;0.000;0.000;0.050;False;0.005;False
370;0;154.548;-7.274;3.900;normal;normal;0;0;0;0;0.050;0.000;0.000;0.050;False;0.005;False
371;0;153.891;-9.582;4.461;normal;normal;0;0;0;0;0.050;0.000;0.000;0.050;False;0.005;False
372;0;154.147;-9.616;4.587;normal;normal;0;0;0;0;0.050;0.000;0.000;0.050;False;0.005;False
373;0;153.502;-7.176;4.775;normal;normal;0;0;0;0;0.050;0.000;0.000;0.050;False;0.005;False
374;0;154.426;-6.734;4.321;normal;normal;0;0;0;0;0.050;0.000;0.000;0.050;False;0.005;False
375;0;154.463;-9.726;3.739;normal;normal;0;0;0;0;0.050;0.000;0.000;0.050;False;0.005;False
376;0;154.291;-9.648;3.787;normal;normal;0;0;0;0;0.050;0.000;0.000;0.050;False;0.005;False
377;0;154.896;-6.008;5.020;normal;normal;0;0;0;0;0.050;0.000;0.000;0.050;False;0.005;False
378;0;155.263;-6.729;5.867;normal;normal;0;0;0;0;0.050;0.000;0.000;0.050;False;0.005;False
379;0;154.284;-6.859;6.162;normal;normal;0;0;0;0;0.042;0.000;0.000;0.042;False;0.004;False
380;0;152.942;-9.824;4.429;normal;normal;0;0;0;0;0.042;0.000;0.000;0.042;False;0.004;False
381;0;153.335;-9.036;4.729;normal;normal;0;0;0;0;0.042;0.000;0.000;0.042;False;0.004;False
382;0;154.245;-6.682;5.090;normal;normal;0;0;0;0;0.042;0.000;0.000;0.042;False;0.004;False
383;0;153.844;-6.995;4.821;normal;normal;0;0;0;0;0.042;0.000;0.000;0.042;False;0.004;False
384;0;153.170;-8.490;5.090;normal;normal;0;0;0;0;0.042;0.000;0.000;0.042;False;0.004;False
385;0;153.514;-9.382;4.543;normal;normal;0;0;0;0;0.042;0.000;0.000;0.042;False;0.004;False
386;0;151.908;-8.673;5.556;normal;normal;0;0;0;0;0.042;0.000;0.000;0.042;False;0.004;False
387;0;150.453;-7.811;4.151;looking_right;normal;0;0;0;0;0.050;0.000;0.000;0.050;False;0.005;False
388;0;150.505;-7.720;4.445;looking_right;normal;0;0;0;0;0.058;0.000;0.000;0.058;False;0.006;False
389;0;151.844;-5.611;5.012;normal;normal;0;0;0;0;0.058;0.000;0.000;0.058;False;0.006;False
390;0;151.999;-8.578;5.514;normal;normal;0;0;0;0;0.058;0.000;0.000;0.058;False;0.006;False
391;0;152.196;-7.049;6.718;normal;normal;0;0;0;0;0.058;0.000;0.000;0.058;False;0.006;False
392;0;153.531;-3.823;5.971;normal;normal;0;0;0;0;0.058;0.000;0.000;0.058;False;0.006;False
393;0;153.088;-3.340;5.669;normal;normal;0;0;0;0;0.058;0.000;0.000;0.058;False;0.006;False
394;0;153.045;-3.264;5.624;normal;normal;0;0;0;0;0.058;0.000;0.000;0.058;False;0.006;False
395;0;153.135;-3.278;5.601;normal;normal;0;0;0;0;0.058;0.000;0.000;0.058;False;0.006;False
396;0;152.416;-7.592;6.049;normal;normal;0;0;0;0;0.058;0.000;0.000;0.058;False;0.006;False
397;0;151.665;-7.029;6.376;normal;normal;0;0;0;0;0.058;0.000;0.000;0.058;False;0.006;False
398;0;155.446;-9.418;6.508;normal;normal;0;0;0;0;0.058;0.000;0.000;0.058;False;0.006;False
399;0;154.041;-7.437;6.349;normal;normal;0;0;0;0;0.058;0.000;0.000;0.058;False;0.006;False
400;0;153.654;-7.426;6.199;normal;normal;0;0;0;0;0.058;0.000;0.000;0.058;False;0.006;False
401;0;155.050;-6.722;4.460;normal;normal;0;0;0;0;0.058;0.000;0.000;0.058;False;0.006;False
402;0;152.908;-6.632;6.052;normal;normal;0;0;0;0;0.058;0.000;0.000;0.058;False;0.006;False
403;0;153.092;-6.640;6.570;normal;normal;0;0;0;0;0.058;0.000;0.000;0.058;False;0.006;False
404;0;153.684;-6.762;7.250;normal;normal;0;0;0;0;0.058;0.000;0.000;0.058;False;0.006;False
405;0;153.886;-7.267;5.978;normal;normal;0;0;0;0;0.058;0.000;0.000;0.058;False;0.006;False
406;0;154.528;-8.658;5.823;normal;normal;0;0;0;0;0.058;0.000;0.000;0.058;False;0.006;False
407;0;154.850;-8.817;5.890;normal;normal;0;0;0;0;0.058;0.000;0.000;0.058;False;0.006;False
408;0;154.366;-10.058;5.933;normal;normal;0;0;0;0;0.050;0.000;0.000;0.050;False;0.005;False
409;0;154.208;-9.944;5.948;normal;normal;0;0;0;0;0.042;0.000;0.000;0.042;False;0.004;False
410;0;154.314;-9.802;6.350;normal;normal;0;0;0;0;0.033;0.000;0.000;0.033;False;0.003;False
411;0;154.583;-9.754;6.276;normal;normal;0;0;0;0;0.025;0.000;0.000;0.025;False;0.003;False
412;0;155.639;-9.906;5.629;normal;normal;0;0;0;0;0.017;0.000;0.000;0.017;False;0.002;False
413;0;156.896;-9.680;4.368;normal;normal;0;0;0;0;0.017;0.000;0.000;0.017;False;0.002;False
414;0;156.540;-7.839;3.521;normal;normal;0;0;0;0;0.017;0.000;0.000;0.017;False;0.002;False
415;0;156.181;-7.275;4.829;normal;normal;0;0;0;0;0.017;0.000;0.000;0.017;False;0.002;False
416;0;156.389;-6.622;5.366;normal;normal;0;0;0;0;0.017;0.000;0.000;0.017;False;0.002;False
417;0;155.202;-5.637;4.915;normal;normal;0;0;0;0;0.017;0.000;0.000;0.017;False;0.002;False
418;0;151.956;-6.623;6.455;normal;normal;0;0;0;0;0.017;0.000;0.000;0.017;False;0.002;False
419;0;151.844;-6.608;6.425;normal;normal;0;0;0;0;0.017;0.000;0.000;0.017;False;0.002;False
420;0;153.194;-5.670;5.523;normal;normal;0;0;0;0;0.017;0.000;0.000;0.017;False;0.002;False
421;0;154.106;-9.020;5.405;normal;normal;0;0;0;0;0.017;0.000;0.000;0.017;False;0.002;False
422;0;155.270;-8.847;5.471;normal;normal;0;0;0;0;0.017;0.000;0.000;0.017;False;0.002;False
423;0;154.770;-8.007;6.513;normal;normal;0;0;0;0;0.017;0.000;0.000;0.017;False;0.002;False
424;0;154.143;-8.245;6.363;normal;normal;0;0;0;0;0.017;0.000;0.000;0.017;False;0.002;False
425;0;155.337;-6.751;7.274;normal;normal;0;0;0;0;0.017;0.000;0.000;0.017;False;0.002;False
426;0;151.724;-7.379;6.492;normal;normal;0;0;0;0;0.017;0.000;0.000;0.017;False;0.002;False
427;0;152.633;-6.061;4.948;normal;normal;0;0;0;0;0.017;0.000;0.000;0.017;False;0.002;False
428;0;153.654;-6.498;4.280;normal;normal;0;0;0;0;0.017;0.000;0.000;0.017;False;0.002;False
429;0;154.895;-7.457;4.303;normal;normal;0;0;0;0;0.017;0.000;0.000;0.017;False;0.002;False
430;0;154.796;-7.523;3.970;normal;normal;0;0;0;0;0.017;0.000;0.000;0.017;False;0.002;False
431;0;155.168;-8.262;4.838;normal;normal;0;0;0;0;0.017;0.000;0.000;0.017;False;0.002;False
432;0;155.546;-7.257;5.167;normal;normal;0;0;0;0;0.017;0.000;0.000;0.017;False;0.002;False
433;0;155.868;-7.953;4.558;normal;normal;0;0;0;0;0.017;0.000;0.000;0.017;False;0.002;False
434;0;153.591;-8.047;5.260;normal;normal;0;0;0;0;0.017;0.000;0.000;0.017;False;0.002;False
435;0;153.829;-6.311;7.663;normal;normal;0;0;0;0;0.017;0.000;0.000;0.017;False;0.002;False
436;0;154.351;-5.894;7.744;normal;normal;0;0;0;0;0.017;0.000;0.000;0.017;False;0.002;False
437;0;155.790;-7.342;4.869;normal;normal;0;0;0;0;0.017;0.000;0.000;0.017;False;0.002;False
438;0;155.654;-7.789;4.626;normal;normal;0;0;0;0;0.017;0.000;0.000;0.017;False;0.002;False
439;0;155.679;-7.930;3.720;normal;normal;0;0;0;0;0.017;0.000;0.000;0.017;False;0.002;False
440;0;155.684;-6.824;4.912;normal;normal;0;0;0;0;0.017;0.000;0.000;0.017;False;0.002;False
441;0;156.141;-7.349;4.465;normal;normal;0;0;0;0;0.017;0.000;0.000;0.017;False;0.002;False
442;0;155.755;-7.202;4.973;normal;normal;0;0;0;0;0.017;0.000;0.000;0.017;False;0.002;False
443;0;155.277;-7.387;5.038;normal;normal;0;0;0;0;0.017;0.000;0.000;0.017;False;0.002;False
444;0;154.138;-7.642;5.688;normal;normal;0;0;0;0;0.017;0.000;0.000;0.017;False;0.002;False
445;0;153.221;-6.071;4.822;normal;normal;0;0;0;0;0.017;0.000;0.000;0.017;False;0.002;False
446;0;153.490;-7.973;4.594;normal;normal;0;0;0;0;0.017;0.000;0.000;0.017;False;0.002;False
447;0;152.336;-7.572;4.109;normal;normal;0;0;0;0;0.017;0.000;0.000;0.017;False;0.002;False
448;0;150.953;-7.497;4.868;looking_right;normal;0;0;0;0;0.025;0.000;0.000;0.025;False;0.003;False
449;0;153.317;-10.185;2.984;normal;normal;0;0;0;0;0.025;0.000;0.000;0.025;False;0.003;False
450;0;151.864;-9.213;5.125;normal;normal;0;0;0;0;0.025;0.000;0.000;0.025;False;0.003;False
451;0;151.645;-9.051;3.558;normal;normal;0;0;0;0;0.025;0.000;0.000;0.025;False;0.003;False
452;0;153.709;-6.595;4.997;normal;normal;0;0;0;0;0.025;0.000;0.000;0.025;False;0.003;False
453;0;154.247;-6.498;4.990;normal;normal;0;0;0;0;0.025;0.000;0.000;0.025;False;0.003;False
454;0;153.882;-6.383;4.847;normal;normal;0;0;0;0;0.025;0.000;0.000;0.025;False;0.003;False
455;0;154.145;-6.111;5.112;normal;normal;0;0;0;0;0.025;0.000;0.000;0.025;False;0.003;False
456;0;154.143;-7.068;4.845;normal;normal;0;0;0;0;0.025;0.000;0.000;0.025;False;0.003;False
457;0;154.045;-8.027;5.205;normal;normal;0;0;0;0;0.025;0.000;0.000;0.025;False;0.003;False
458;0;153.865;-7.573;5.005;normal;normal;0;0;0;0;0.025;0.000;0.000;0.025;False;0.003;False
459;0;154.200;-4.677;5.035;normal;normal;0;0;0;0;0.025;0.000;0.000;0.025;False;0.003;False
460;0;154.146;-5.120;5.349;normal;normal;0;0;0;0;0.025;0.000;0.000;0.025;False;0.003;False
461;0;154.175;-6.782;6.373;normal;normal;0;0;0;0;0.025;0.000;0.000;0.025;False;0.003;False
462;0;153.785;-6.879;6.494;normal;normal;0;0;0;0;0.025;0.000;0.000;0.025;False;0.003;False
463;0;153.756;-6.944;6.576;normal;normal;0;0;0;0;0.025;0.000;0.000;0.025;False;0.003;False
464;0;155.028;-6.697;6.718;normal;normal;0;0;0;0;0.025;0.000;0.000;0.025;False;0.003;False
465;0;155.535;-6.583;6.762;normal;normal;0;0;0;0;0.025;0.000;0.000;0.025;False;0.003;False
466;0;155.437;-6.865;6.820;normal;normal;0;0;0;0;0.025;0.000;0.000;0.025;False;0.003;False
467;0;156.350;-9.377;5.213;normal;normal;0;0;0;0;0.025;0.000;0.000;0.025;False;0.003;False
468;0;156.657;-9.365;4.699;normal;normal;0;0;0;0;0.025;0.000;0.000;0.025;False;0.003;False
469;0;156.314;-7.442;5.536;normal;normal;0;0;0;0;0.025;0.000;0.000;0.025;False;0.003;False
470;0;156.630;-6.775;5.578;normal;normal;0;0;0;0;0.025;0.000;0.000;0.025;False;0.003;False
471;0;156.580;-6.932;4.233;normal;normal;0;0;0;0;0.025;0.000;0.000;0.025;False;0.003;False
472;0;159.650;-5.386;5.780;normal;normal;0;0;0;0;0.025;0.000;0.000;0.025;False;0.003;False
473;0;164.976;-5.112;3.366;normal;normal;0;0;0;0;0.025;0.000;0.000;0.025;False;0.003;False
474;0;170.363;-2.973;2.468;normal;normal;0;0;0;0;0.025;0.000;0.000;0.025;False;0.003;False
475;0;171.158;-1.934;2.116;looking_left;normal;0;0;0;0;0.033;0.000;0.000;0.033;False;0.003;False
476;0;168.947;-2.628;3.083;normal;normal;0;0;0;0;0.033;0.000;0.000;0.033;False;0.003;False
477;0;166.099;-3.776;4.119;normal;normal;0;0;0;0;0.033;0.000;0.000;0.033;False;0.003;False
478;0;164.109;-4.508;4.768;normal;normal;0;0;0;0;0.033;0.000;0.000;0.033;False;0.003;False
479;0;158.135;-9.971;3.181;normal;normal;0;0;0;0;0.033;0.000;0.000;0.033;False;0.003;False
480;0;153.699;-5.450;5.404;normal;normal;0;0;0;0;0.033;0.000;0.000;0.033;False;0.003;False
481;0;154.036;-5.170;5.677;normal;normal;0;0;0;0;0.033;0.000;0.000;0.033;False;0.003;False
482;0;152.665;-8.317;5.351;normal;normal;0;0;0;0;0.033;0.000;0.000;0.033;False;0.003;False
483;0;150.662;-9.645;6.659;looking_right;normal;0;0;0;0;0.042;0.000;0.000;0.042;False;0.004;False
484;0;151.285;-8.195;8.702;normal;normal;0;0;0;0;0.042;0.000;0.000;0.042;False;0.004;False
485;0;152.494;-8.407;9.110;normal;normal;0;0;0;0;0.042;0.000;0.000;0.042;False;0.004;False
486;0;150.104;-7.397;8.477;looking_right;normal;0;0;0;0;0.050;0.000;0.000;0.050;False;0.005;False
487;0;148.551;-4.133;8.482;looking_right;normal;0;0;0;0;0.058;0.000;0.000;0.058;False;0.006;False
488;0;148.839;-3.521;6.493;looking_right;normal;0;0;0;0;0.067;0.000;0.000;0.067;False;0.007;False
489;0;145.052;-4.507;8.881;looking_right;normal;0;0;0;0;0.075;0.000;0.000;0.075;False;0.007;False
490;0;144.383;-5.560;9.228;looking_right;looking_right;0;1;0;0;0.083;0.000;0.000;0.083;False;0.008;False
491;0;148.331;-6.538;8.002;looking_right;looking_right;0;1;0;0;0.092;0.000;0.000;0.092;False;0.009;False
492;0;148.908;-6.632;7.402;looking_right;looking_right;0;1;0;0;0.100;0.000;0.000;0.100;False;0.010;False
493;0;147.346;-7.032;7.928;looking_right;looking_right;0;1;0;0;0.108;0.000;0.000;0.108;False;0.011;False
494;0;146.710;-6.432;8.379;looking_right;looking_right;0;1;0;0;0.117;0.000;0.000;0.117;False;0.012;False
495;0;148.806;-7.228;7.522;looking_right;looking_right;0;1;0;0;0.125;0.000;0.000;0.125;False;0.013;False
496;0;150.912;-7.281;6.302;looking_right;looking_right;0;1;0;0;0.133;0.000;0.000;0.133;False;0.013;False
497;0;154.368;-8.267;6.437;normal;looking_right;0;1;0;0;0.133;0.000;0.000;0.133;False;0.013;False
498;0;154.350;-9.819;4.253;normal;looking_right;0;1;0;0;0.133;0.000;0.000;0.133;False;0.013;False
499;0;154.292;-9.262;4.003;normal;looking_right;0;1;0;0;0.133;0.000;0.000;0.133;False;0.013;False
500;0;156.652;-7.236;2.330;normal;looking_right;0;1;0;0;0.133;0.000;0.000;0.133;False;0.013;False
501;0;159.482;-6.543;2.917;normal;looking_right;0;1;0;0;0.133;0.000;0.000;0.133;False;0.013;False
502;0;162.631;-7.929;2.833;normal;normal;0;0;0;0;0.133;0.000;0.000;0.133;False;0.013;False
503;0;162.851;-6.774;3.078;normal;normal;0;0;0;0;0.133;0.000;0.000;0.133;False;0.013;False
504;0;162.476;-6.903;3.580;normal;normal;0;0;0;0;0.133;0.000;0.000;0.133;False;0.013;False
505;0;163.190;-6.836;3.960;normal;normal;0;0;0;0;0.133;0.000;0.000;0.133;False;0.013;False
506;0;163.692;-3.499;4.795;normal;normal;0;0;0;0;0.133;0.000;0.000;0.133;False;0.013;False
507;0;163.540;-7.203;5.155;normal;normal;0;0;0;0;0.125;0.000;0.000;0.125;False;0.013;False
508;0;162.463;-4.009;6.629;normal;normal;0;0;0;0;0.117;0.000;0.000;0.117;False;0.012;False
509;0;163.157;-4.100;6.981;normal;normal;0;0;0;0;0.117;0.000;0.000;0.117;False;0.012;False
510;0;166.062;-3.611;5.720;normal;normal;0;0;0;0;0.117;0.000;0.000;0.117;False;0.012;False
511;0;167.037;-2.960;5.024;normal;normal;0;0;0;0;0.117;0.000;0.000;0.117;False;0.012;False
512;0;169.073;-2.269;3.968;normal;normal;0;0;0;0;0.117;0.000;0.000;0.117;False;0.012;False
513;0;169.991;-1.878;3.883;normal;normal;0;0;0;0;0.117;0.000;0.000;0.117;False;0.012;False
514;0;168.958;-2.024;4.045;normal;normal;0;0;0;0;0.117;0.000;0.000;0.117;False;0.012;False
515;0;167.089;-2.283;4.556;normal;normal;0;0;0;0;0.117;0.000;0.000;0.117;False;0.012;False
516;0;165.887;-2.690;4.945;normal;normal;0;0;0;0;0.117;0.000;0.000;0.117;False;0.012;False
517;0;164.462;-3.727;5.610;normal;normal;0;0;0;0;0.117;0.000;0.000;0.117;False;0.012;False
518;0;161.098;-4.329;6.361;normal;normal;0;0;0;0;0.117;0.000;0.000;0.117;False;0.012;False
519;0;160.107;-4.411;6.495;normal;normal;0;0;0;0;0.117;0.000;0.000;0.117;False;0.012;False
520;0;159.490;-4.278;6.973;normal;normal;0;0;0;0;0.117;0.000;0.000;0.117;False;0.012;False
521;0;159.314;-4.701;6.816;normal;normal;0;0;0;0;0.117;0.000;0.000;0.117;False;0.012;False
522;0;159.256;-4.873;6.726;normal;normal;0;0;0;0;0.117;0.000;0.000;0.117;False;0.012;False
523;0;158.952;-4.909;6.669;normal;normal;0;0;0;0;0.117;0.000;0.000;0.117;False;0.012;False
524;0;159.734;-8.004;5.041;normal;normal;0;0;0;0;0.117;0.000;0.000;0.117;False;0.012;False
