timestamp;face id;yaw;pitch;roll;pose_state;pose_stable_state;head_drop_event;distracted_event;is_yawning;head_drops;perlook;yawn_freq;head_drop_freq;distraction_score;distraction_alert;fatigue_score;fatigue_alert
7;0;168.774;-14.584;-0.902;normal;normal;0;0;0;0;0.000;0.000;0.000;0.000;False;0.000;False
8;0;165.209;-10.229;2.168;normal;normal;0;0;0;0;0.000;0.000;0.000;0.000;False;0.000;False
9;0;163.113;-9.409;3.908;normal;normal;0;0;0;0;0.000;0.000;0.000;0.000;False;0.000;False
10;0;163.320;-6.479;2.348;normal;normal;0;0;0;0;0.000;0.000;0.000;0.000;False;0.000;False
11;0;160.549;-4.178;4.876;normal;normal;0;0;0;0;0.000;0.000;0.000;0.000;False;0.000;False
12;0;159.433;-5.600;4.606;normal;normal;0;0;0;0;0.000;0.000;0.000;0.000;False;0.000;False
13;0;158.383;-3.599;3.126;normal;normal;0;0;0;0;0.000;0.000;0.000;0.000;False;0.000;False
14;0;153.183;-2.464;3.373;normal;normal;0;0;0;0;0.000;0.000;0.000;0.000;False;0.000;False
15;0;152.636;-2.385;3.665;normal;normal;0;0;0;0;0.000;0.000;0.000;0.000;False;0.000;False
16;0;154.034;-2.132;3.465;normal;normal;0;0;0;0;0.000;0.000;0.000;0.000;False;0.000;False
17;0;154.056;-1.841;3.594;normal;normal;0;0;0;0;0.000;0.000;0.000;0.000;False;0.000;False
18;0;155.139;-1.843;3.271;normal;normal;0;0;0;0;0.000;0.000;0.000;0.000;False;0.000;False
19;0;155.315;-1.948;3.267;normal;normal;0;0;0;0;0.000;0.000;0.000;0.000;False;0.000;False
20;0;160.303;-5.066;4.586;normal;normal;0;0;0;0;0.000;0.000;0.000;0.000;False;0.000;False
21;0;156.688;-2.688;4.947;normal;normal;0;0;0;0;0.000;0.000;0.000;0.000;False;0.000;False
22;0;162.919;-4.465;3.752;normal;normal;0;0;0;0;0.000;0.000;0.000;0.000;False;0.000;False
23;0;160.952;-3.239;2.944;normal;normal;0;0;0;0;0.000;0.000;0.000;0.000;False;0.000;False
24;0;160.314;-1.645;3.454;normal;normal;0;0;0;0;0.000;0.000;0.000;0.000;False;0.000;False
25;0;165.272;-2.428;4.870;normal;normal;0;0;0;0;0.000;0.000;0.000;0.000;False;0.000;False
26;0;165.089;-2.728;4.671;normal;normal;0;0;0;0;0.000;0.000;0.000;0.000;False;0.000;False
27;0;162.838;-5.925;4.570;normal;normal;0;0;0;0;0.000;0.000;0.000;0.000;False;0.000;False
28;0;162.644;-6.016;4.887;normal;normal;0;0;0;0;0.000;0.000;0.000;0.000;False;0.000;False
29;0;163.767;-3.157;5.050;normal;normal;0;0;0;0;0.000;0.000;0.000;0.000;False;0.000;False
30;0;163.555;-3.211;4.960;normal;normal;0;0;0;0;0.000;0.000;0.000;0.000;False;0.000;False
31;0;163.762;-3.022;4.317;normal;normal;0;0;0;0;0.000;0.000;0.000;0.000;False;0.000;False
32;0;165.992;-2.818;4.580;normal;normal;0;0;0;0;0.000;0.000;0.000;0.000;False;0.000;False
33;0;165.676;-3.024;4.553;normal;normal;0;0;0;0;0.000;0.000;0.000;0.000;False;0.000;False
34;0;165.401;-3.326;4.589;normal;normal;0;0;0;0;0.000;0.000;0.000;0.000;False;0.000;False
35;0;166.146;-3.592;4.314;normal;normal;0;0;0;0;0.000;0.000;0.000;0.000;False;0.000;False
36;0;165.460;-3.331;4.970;normal;normal;0;0;0;0;0.000;0.000;0.000;0.000;False;0.000;False
37;0;169.015;-2.097;2.936;normal;normal;0;0;0;0;0.000;0.000;0.000;0.000;False;0.000;False
38;0;173.048;-3.711;0.793;looking_left;normal;0;0;0;0;0.008;0.000;0.000;0.008;False;0.001;False
39;0;176.451;-5.292;0.162;looking_left;normal;0;0;0;0;0.017;0.000;0.000;0.017;False;0.002;False
40;0;180.833;-2.258;-0.146;looking_left;normal;0;0;0;0;0.025;0.000;0.000;0.025;False;0.003;False
41;0;184.371;-4.079;-0.759;looking_left;normal;0;0;0;0;0.033;0.000;0.000;0.033;False;0.003;False
42;0;183.966;-4.163;-0.537;looking_left;normal;0;0;0;0;0.042;0.000;0.000;0.042;False;0.004;False
43;0;183.634;-4.362;-2.967;looking_left;looking_left;0;1;0;0;0.050;0.000;0.000;0.050;False;0.005;False
44;0;183.193;-3.971;-3.055;looking_left;looking_left;0;1;0;0;0.058;0.000;0.000;0.058;False;0.006;False
45;0;183.113;-3.930;-0.488;looking_left;looking_left;0;1;0;0;0.067;0.000;0.000;0.067;False;0.007;False
46;0;182.732;-3.798;-0.469;looking_left;looking_left;0;1;0;0;0.075;0.000;0.000;0.075;False;0.007;False
47;0;182.186;-3.794;-0.272;looking_left;looking_left;0;1;0;0;0.083;0.000;0.000;0.083;False;0.008;False
48;0;181.712;-3.700;-0.279;looking_left;looking_left;0;1;0;0;0.092;0.000;0.000;0.092;False;0.009;False
49;0;178.679;-4.713;-0.127;looking_left;looking_left;0;1;0;0;0.100;0.000;0.000;0.100;False;0.010;False
50;0;172.475;-1.770;1.053;looking_left;looking_left;0;1;0;0;0.108;0.000;0.000;0.108;False;0.011;False
51;0;168.841;0.041;2.858;head_up;looking_left;0;1;0;0;0.117;0.000;0.000;0.117;False;0.012;False
52;0;163.977;-3.505;4.884;normal;looking_left;0;1;0;0;0.117;0.000;0.000;0.117;False;0.012;False
53;0;161.412;-3.410;5.292;normal;looking_left;0;1;0;0;0.117;0.000;0.000;0.117;False;0.012;False
54;0;158.497;-2.910;4.970;normal;looking_left;0;1;0;0;0.117;0.000;0.000;0.117;False;0.012;False
55;0;157.753;-4.012;5.221;normal;looking_left;0;1;0;0;0.117;0.000;0.000;0.117;False;0.012;False
56;0;156.410;-3.932;5.381;normal;normal;0;0;0;0;0.117;0.000;0.000;0.117;False;0.012;False
57;0;156.242;-3.696;5.269;normal;normal;0;0;0;0;0.117;0.000;0.000;0.117;False;0.012;False
58;0;155.911;-3.766;5.208;normal;normal;0;0;0;0;0.117;0.000;0.000;0.117;False;0.012;False
59;0;156.109;-3.836;4.849;normal;normal;0;0;0;0;0.117;0.000;0.000;0.117;False;0.012;False
60;0;155.953;-3.848;4.617;normal;normal;0;0;0;0;0.117;0.000;0.000;0.117;False;0.012;False
61;0;156.137;-4.082;4.683;normal;normal;0;0;0;0;0.117;0.000;0.000;0.117;False;0.012;False
62;0;155.408;-4.337;5.029;normal;normal;0;0;0;0;0.117;0.000;0.000;0.117;False;0.012;False
63;0;155.943;-3.597;5.124;normal;normal;0;0;0;0;0.117;0.000;0.000;0.117;False;0.012;False
64;0;157.128;-3.966;5.459;normal;normal;0;0;0;0;0.117;0.000;0.000;0.117;False;0.012;False
65;0;158.478;-3.016;4.988;normal;normal;0;0;0;0;0.117;0.000;0.000;0.117;False;0.012;False
66;0;159.181;-2.421;5.286;normal;normal;0;0;0;0;0.117;0.000;0.000;0.117;False;0.012;False
67;0;158.982;-1.399;5.119;normal;normal;0;0;0;0;0.117;0.000;0.000;0.117;False;0.012;False
68;0;159.056;-0.582;5.207;head_up;normal;0;0;0;0;0.125;0.000;0.000;0.125;False;0.013;False
69;0;159.752;0.070;5.703;head_up;normal;0;0;0;0;0.133;0.000;0.000;0.133;False;0.013;False
70;0;159.802;-1.022;5.198;head_up;normal;0;0;0;0;0.142;0.000;0.000;0.142;False;0.014;False
71;0;159.046;-2.365;4.492;normal;normal;0;0;0;0;0.142;0.000;0.000;0.142;False;0.014;False
72;0;158.449;-2.316;4.266;normal;normal;0;0;0;0;0.142;0.000;0.000;0.142;False;0.014;False
73;0;156.529;-0.394;5.231;head_up;normal;0;0;0;0;0.150;0.000;0.000;0.150;False;0.015;False
74;0;157.395;-0.460;6.121;head_up;normal;0;0;0;0;0.158;0.000;0.000;0.158;False;0.016;False
75;0;158.459;-1.866;4.265;head_up;head_up;0;1;0;0;0.167;0.000;0.000;0.167;False;0.017;False
76;0;158.031;-2.428;3.797;normal;head_up;0;1;0;0;0.167;0.000;0.000;0.167;False;0.017;False
77;0;158.053;-2.279;3.947;normal;head_up;0;1;0;0;0.167;0.000;0.000;0.167;False;0.017;False
78;0;157.960;-2.636;4.271;normal;head_up;0;1;0;0;0.167;0.000;0.000;0.167;False;0.017;False
79;0;157.777;-2.389;4.554;normal;normal;0;0;0;0;0.167;0.000;0.000;0.167;False;0.017;False
80;0;157.430;-1.805;5.432;normal;normal;0;0;0;0;0.167;0.000;0.000;0.167;False;0.017;False
81;0;158.550;-2.376;5.273;normal;normal;0;0;0;0;0.167;0.000;0.000;0.167;False;0.017;False
82;0;159.605;-2.740;4.912;normal;normal;0;0;0;0;0.167;0.000;0.000;0.167;False;0.017;False
83;0;159.449;-2.947;4.639;normal;normal;0;0;0;0;0.167;0.000;0.000;0.167;False;0.017;False
84;0;159.318;-2.346;4.089;normal;normal;0;0;0;0;0.167;0.000;0.000;0.167;False;0.017;False
85;0;160.085;-1.773;5.255;normal;normal;0;0;0;0;0.167;0.000;0.000;0.167;False;0.017;False
86;0;163.510;0.506;5.139;head_up;normal;0;0;0;0;0.175;0.000;0.000;0.175;False;0.017;False
87;0;162.955;-6.157;4.798;normal;normal;0;0;0;0;0.175;0.000;0.000;0.175;False;0.017;False
88;0;163.763;-6.268;4.783;normal;normal;0;0;0;0;0.175;0.000;0.000;0.175;False;0.017;False
89;0;163.117;-6.129;5.192;normal;normal;0;0;0;0;0.175;0.000;0.000;0.175;False;0.017;False
90;0;162.007;-5.657;5.427;normal;normal;0;0;0;0;0.175;0.000;0.000;0.175;False;0.017;False
91;0;160.917;-5.381;5.755;normal;normal;0;0;0;0;0.175;0.000;0.000;0.175;False;0.017;False
92;0;162.072;0.031;5.393;head_up;normal;0;0;0;0;0.183;0.000;0.000;0.183;False;0.018;False
93;0;160.523;-0.739;5.459;head_up;normal;0;0;0;0;0.192;0.000;0.000;0.192;False;0.019;False
94;0;159.853;-1.166;5.150;head_up;normal;0;0;0;0;0.200;0.000;0.000;0.200;False;0.020;False
95;0;159.670;-1.885;4.247;head_up;head_up;0;1;0;0;0.208;0.000;0.000;0.208;False;0.021;False
96;0;159.577;-1.969;4.000;head_up;normal;0;0;0;0;0.217;0.000;0.000;0.217;False;0.022;False
97;0;159.304;-2.074;4.160;normal;normal;0;0;0;0;0.217;0.000;0.000;0.217;False;0.022;False
98;0;159.411;-2.092;4.293;normal;normal;0;0;0;0;0.217;0.000;0.000;0.217;False;0.022;False
99;0;158.472;-2.964;4.079;normal;normal;0;0;0;0;0.217;0.000;0.000;0.217;False;0.022;False
100;0;157.687;-2.632;3.813;normal;normal;0;0;0;0;0.217;0.000;0.000;0.217;False;0.022;False
101;0;157.379;-2.677;3.074;normal;head_up;0;1;0;0;0.217;0.000;0.000;0.217;False;0.022;False
102;0;157.308;-2.655;2.559;normal;normal;0;0;0;0;0.217;0.000;0.000;0.217;False;0.022;False
103;0;156.812;-3.078;2.971;normal;normal;0;0;0;0;0.217;0.000;0.000;0.217;False;0.022;False
104;0;156.713;-3.259;3.086;normal;normal;0;0;0;0;0.217;0.000;0.000;0.217;False;0.022;False
105;0;156.782;-3.082;2.758;normal;normal;0;0;0;0;0.217;0.000;0.000;0.217;False;0.022;False
106;0;156.975;-3.241;2.812;normal;normal;0;0;0;0;0.217;0.000;0.000;0.217;False;0.022;False
107;0;156.595;-3.153;3.026;normal;normal;0;0;0;0;0.217;0.000;0.000;0.217;False;0.022;False
108;0;157.524;-3.123;2.810;normal;normal;0;0;0;0;0.217;0.000;0.000;0.217;False;0.022;False
109;0;157.838;-3.053;2.747;normal;normal;0;0;0;0;0.217;0.000;0.000;0.217;False;0.022;False
110;0;157.708;-2.762;2.734;normal;normal;0;0;0;0;0.217;0.000;0.000;0.217;False;0.022;False
111;0;158.062;-1.827;2.852;normal;normal;0;0;0;0;0.217;0.000;0.000;0.217;False;0.022;False
112;0;160.080;-1.790;3.197;normal;normal;0;0;0;0;0.217;0.000;0.000;0.217;False;0.022;False
113;0;159.734;-1.159;3.873;normal;normal;0;0;0;0;0.217;0.000;0.000;0.217;False;0.022;False
114;0;160.508;-0.789;4.508;head_up;normal;0;0;0;0;0.225;0.000;0.000;0.225;False;0.023;False
115;0;161.090;-0.546;4.357;head_up;normal;0;0;0;0;0.233;0.000;0.000;0.233;False;0.023;False
116;0;159.304;-4.639;4.565;normal;normal;0;0;0;0;0.233;0.000;0.000;0.233;False;0.023;False
117;0;164.070;-1.608;3.688;normal;normal;0;0;0;0;0.233;0.000;0.000;0.233;False;0.023;False
118;0;167.391;-0.029;3.903;head_up;normal;0;0;0;0;0.242;0.000;0.000;0.242;False;0.024;False
119;0;167.643;0.326;3.681;head_up;normal;0;0;0;0;0.250;0.000;0.000;0.250;False;0.025;False
120;0;167.016;0.606;3.520;head_up;normal;0;0;0;0;0.258;0.000;0.000;0.258;False;0.026;False
121;0;166.875;0.410;3.779;head_up;head_up;0;1;0;0;0.267;0.000;0.000;0.267;False;0.027;False
122;0;166.884;0.184;4.046;head_up;head_up;0;1;0;0;0.275;0.000;0.000;0.275;False;0.028;False
123;0;166.325;0.345;3.978;head_up;head_up;0;1;0;0;0.283;0.000;0.000;0.283;False;0.028;False
124;0;166.231;0.306;3.967;head_up;head_up;0;1;0;0;0.292;0.000;0.000;0.292;False;0.029;False
125;0;163.172;-4.341;4.095;normal;head_up;0;1;0;0;0.292;0.000;0.000;0.292;False;0.029;False
126;0;163.641;-2.241;4.955;normal;head_up;0;1;0;0;0.292;0.000;0.000;0.292;False;0.029;False
127;0;162.329;-4.186;4.316;normal;head_up;0;1;0;0;0.292;0.000;0.000;0.292;False;0.029;False
128;0;163.135;-1.198;5.044;normal;head_up;0;1;0;0;0.292;0.000;0.000;0.292;False;0.029;False
129;0;162.530;-0.625;4.512;head_up;head_up;0;1;0;0;0.300;0.000;0.000;0.300;False;0.030;False
130;0;161.810;0.060;4.837;head_up;head_up;0;1;0;0;0.308;0.000;0.000;0.308;False;0.031;False
131;0;161.550;-0.214;4.840;head_up;head_up;0;1;0;0;0.317;0.000;0.000;0.317;False;0.032;False
132;0;161.491;-0.592;4.994;head_up;head_up;0;1;0;0;0.325;0.000;0.000;0.325;False;0.033;False
133;0;161.032;-0.847;4.704;head_up;head_up;0;1;0;0;0.333;0.000;0.000;0.333;False;0.033;False
134;0;160.829;-0.889;4.928;head_up;head_up;0;1;0;0;0.342;0.000;0.000;0.342;False;0.034;False
135;0;160.585;-0.998;4.975;head_up;head_up;0;1;0;0;0.350;0.000;0.000;0.350;False;0.035;False
136;0;159.992;-1.793;4.503;head_up;head_up;0;1;0;0;0.358;0.000;0.000;0.358;False;0.036;False
137;0;158.963;-2.680;4.020;normal;head_up;0;1;0;0;0.358;0.000;0.000;0.358;False;0.036;False
138;0;158.466;-2.623;3.880;normal;head_up;0;1;0;0;0.358;0.000;0.000;0.358;False;0.036;False
139;0;158.024;-2.193;3.755;normal;head_up;0;1;0;0;0.358;0.000;0.000;0.358;False;0.036;False
140;0;157.231;-2.449;2.545;normal;head_up;0;1;0;0;0.358;0.000;0.000;0.358;False;0.036;False
141;0;157.037;-2.569;2.406;normal;head_up;0;1;0;0;0.358;0.000;0.000;0.358;False;0.036;False
142;0;157.102;-2.123;3.528;normal;normal;0;0;0;0;0.358;0.000;0.000;0.358;False;0.036;False
143;0;157.509;-2.182;3.274;normal;normal;0;0;0;0;0.358;0.000;0.000;0.358;False;0.036;False
144;0;157.598;-2.578;2.337;normal;normal;0;0;0;0;0.358;0.000;0.000;0.358;False;0.036;False
145;0;157.055;-2.748;2.243;normal;normal;0;0;0;0;0.358;0.000;0.000;0.358;False;0.036;False
146;0;157.549;-2.513;2.162;normal;normal;0;0;0;0;0.358;0.000;0.000;0.358;False;0.036;False
147;0;157.490;-2.723;2.339;normal;normal;0;0;0;0;0.358;0.000;0.000;0.358;False;0.036;False
148;0;156.987;-2.518;3.352;normal;normal;0;0;0;0;0.358;0.000;0.000;0.358;False;0.036;False
149;0;157.554;-2.731;2.390;normal;normal;0;0;0;0;0.358;0.000;0.000;0.358;False;0.036;False
150;0;156.899;-2.694;2.925;normal;normal;0;0;0;0;0.358;0.000;0.000;0.358;False;0.036;False
151;0;159.858;-0.909;2.759;head_up;normal;0;0;0;0;0.367;0.000;0.000;0.367;False;0.037;False
152;0;163.103;0.118;2.466;head_up;normal;0;0;0;0;0.375;0.000;0.000;0.375;False;0.038;False
153;0;165.087;-0.228;3.024;head_up;normal;0;0;0;0;0.383;0.000;0.000;0.383;False;0.038;False
154;0;169.040;-3.839;1.236;normal;normal;0;0;0;0;0.383;0.000;0.000;0.383;False;0.038;False
155;0;171.216;-2.185;2.912;looking_left;normal;0;0;0;0;0.392;0.000;0.000;0.392;False;0.039;False
156;0;170.475;-4.475;2.777;normal;normal;0;0;0;0;0.392;0.000;0.000;0.392;False;0.039;False
157;0;171.211;-4.415;2.613;looking_left;normal;0;0;0;0;0.400;0.000;0.000;0.400;False;0.040;False
158;0;171.192;-4.760;2.918;looking_left;normal;0;0;0;0;0.400;0.000;0.000;0.400;False;0.040;False
159;0;171.285;-2.487;3.563;looking_left;normal;0;0;0;0;0.400;0.000;0.000;0.400;False;0.040;False
160;0;170.602;-1.813;3.855;normal;normal;0;0;0;0;0.392;0.000;0.000;0.392;False;0.039;False
161;0;169.891;-1.607;4.095;normal;normal;0;0;0;0;0.383;0.000;0.000;0.383;False;0.038;False
162;0;169.840;-0.901;4.229;head_up;normal;0;0;0;0;0.383;0.000;0.000;0.383;False;0.038;False
163;0;169.555;-0.541;3.810;head_up;normal;0;0;0;0;0.383;0.000;0.000;0.383;False;0.038;False
164;0;169.116;-0.287;3.960;head_up;normal;0;0;0;0;0.383;0.000;0.000;0.383;False;0.038;False
165;0;167.069;-5.013;2.911;normal;normal;0;0;0;0;0.375;0.000;0.000;0.375;False;0.038;False
166;0;166.129;-4.616;2.661;normal;normal;0;0;0;0;0.367;0.000;0.000;0.367;False;0.037;False
167;0;165.928;-1.464;3.386;normal;normal;0;0;0;0;0.358;0.000;0.000;0.358;False;0.036;False
168;0;164.038;-1.631;4.583;normal;normal;0;0;0;0;0.350;0.000;0.000;0.350;False;0.035;False
169;0;162.238;-1.704;5.036;normal;normal;0;0;0;0;0.342;0.000;0.000;0.342;False;0.034;False
170;0;158.634;-0.573;5.501;head_up;normal;0;0;0;0;0.342;0.000;0.000;0.342;False;0.034;False
171;0;156.408;-2.862;6.391;normal;normal;0;0;0;0;0.333;0.000;0.000;0.333;False;0.033;False
172;0;157.000;-2.575;5.621;normal;normal;0;0;0;0;0.333;0.000;0.000;0.333;False;0.033;False
173;0;158.208;-4.219;6.528;normal;normal;0;0;0;0;0.333;0.000;0.000;0.333;False;0.033;False
174;0;156.426;-3.079;5.506;normal;normal;0;0;0;0;0.333;0.000;0.000;0.333;False;0.033;False
175;0;156.314;-2.826;5.612;normal;normal;0;0;0;0;0.333;0.000;0.000;0.333;False;0.033;False
176;0;158.344;-4.497;5.832;normal;normal;0;0;0;0;0.333;0.000;0.000;0.333;False;0.033;False
177;0;156.635;-2.923;5.301;normal;normal;0;0;0;0;0.333;0.000;0.000;0.333;False;0.033;False
178;0;156.733;-3.144;5.288;normal;normal;0;0;0;0;0.333;0.000;0.000;0.333;False;0.033;False
179;0;158.425;-4.515;5.323;normal;normal;0;0;0;0;0.333;0.000;0.000;0.333;False;0.033;False
180;0;158.155;-4.380;5.122;normal;normal;0;0;0;0;0.333;0.000;0.000;0.333;False;0.033;False
181;0;157.582;-5.110;5.549;normal;normal;0;0;0;0;0.333;0.000;0.000;0.333;False;0.033;False
182;0;156.205;-1.485;5.131;normal;normal;0;0;0;0;0.333;0.000;0.000;0.333;False;0.033;False
183;0;156.798;-1.520;5.123;normal;normal;0;0;0;0;0.333;0.000;0.000;0.333;False;0.033;False
184;0;157.220;-1.228;5.013;normal;normal;0;0;0;0;0.333;0.000;0.000;0.333;False;0.033;False
185;0;156.964;-0.651;5.088;head_up;normal;0;0;0;0;0.342;0.000;0.000;0.342;False;0.034;False
186;0;156.816;-0.658;5.226;head_up;normal;0;0;0;0;0.350;0.000;0.000;0.350;False;0.035;False
187;0;157.170;-0.977;5.234;head_up;normal;0;0;0;0;0.358;0.000;0.000;0.358;False;0.036;False
188;0;157.219;-1.021;5.038;head_up;normal;0;0;0;0;0.358;0.000;0.000;0.358;False;0.036;False
189;0;157.048;-0.990;5.104;head_up;normal;0;0;0;0;0.358;0.000;0.000;0.358;False;0.036;False
190;0;157.045;-1.032;4.998;head_up;head_up;0;1;0;0;0.358;0.000;0.000;0.358;False;0.036;False
191;0;157.229;-1.373;4.928;head_up;head_up;0;1;0;0;0.367;0.000;0.000;0.367;False;0.037;False
192;0;157.231;-1.493;4.878;head_up;head_up;0;1;0;0;0.375;0.000;0.000;0.375;False;0.038;False
193;0;157.032;-1.368;4.892;head_up;head_up;0;1;0;0;0.375;0.000;0.000;0.375;False;0.038;False
194;0;157.281;-1.228;4.856;head_up;head_up;0;1;0;0;0.375;0.000;0.000;0.375;False;0.038;False
195;0;157.589;-1.385;4.872;head_up;head_up;0;1;0;0;0.375;0.000;0.000;0.375;False;0.038;False
196;0;157.387;-1.422;5.004;head_up;head_up;0;1;0;0;0.383;0.000;0.000;0.383;False;0.038;False
197;0;157.073;-1.120;5.026;head_up;head_up;0;1;0;0;0.392;0.000;0.000;0.392;False;0.039;False
198;0;157.240;-1.104;4.960;head_up;head_up;0;1;0;0;0.400;0.000;0.000;0.400;False;0.040;False
199;0;157.110;-1.193;4.910;head_up;head_up;0;1;0;0;0.408;0.000;0.000;0.408;False;0.041;False
200;0;157.058;-1.178;4.896;head_up;head_up;0;1;0;0;0.417;0.000;0.000;0.417;False;0.042;False
201;0;157.036;-1.195;5.078;head_up;head_up;0;1;0;0;0.425;0.000;0.000;0.425;False;0.043;False
202;0;157.054;-1.117;5.058;head_up;head_up;0;1;0;0;0.433;0.000;0.000;0.433;False;0.043;False
203;0;157.192;-1.243;5.003;head_up;head_up;0;1;0;0;0.442;0.000;0.000;0.442;False;0.044;False
204;0;157.157;-1.029;5.062;head_up;head_up;0;1;0;0;0.450;0.000;0.000;0.450;False;0.045;False
205;0;157.155;-0.926;5.109;head_up;head_up;0;1;0;0;0.458;0.000;0.000;0.458;False;0.046;False
206;0;157.635;-0.943;4.908;head_up;head_up;0;1;0;0;0.458;0.000;0.000;0.458;False;0.046;False
207;0;157.735;-1.338;4.929;head_up;head_up;0;1;0;0;0.467;0.000;0.000;0.467;False;0.047;False
208;0;157.512;-1.569;5.008;head_up;head_up;0;1;0;0;0.475;0.000;0.000;0.475;False;0.048;False
209;0;157.567;-1.949;5.093;head_up;head_up;0;1;0;0;0.483;0.000;0.000;0.483;False;0.048;False
210;0;157.620;-1.742;4.893;head_up;head_up;0;1;0;0;0.492;0.000;0.000;0.492;False;0.049;False
211;0;157.828;-1.672;4.820;head_up;head_up;0;1;0;0;0.500;0.000;0.000;0.500;False;0.050;False
212;0;158.047;-1.613;4.781;head_up;head_up;0;1;0;0;0.500;0.000;0.000;0.500;False;0.050;False
213;0;157.859;-1.366;4.665;head_up;head_up;0;1;0;0;0.500;0.000;0.000;0.500;False;0.050;False
214;0;163.521;-4.462;3.645;normal;head_up;0;1;0;0;0.492;0.000;0.000;0.492;False;0.049;False
215;0;162.731;-4.671;3.752;normal;head_up;0;1;0;0;0.483;0.000;0.000;0.483;False;0.048;False
216;0;161.816;-4.654;4.023;normal;head_up;0;1;0;0;0.475;0.000;0.000;0.475;False;0.048;False
217;0;161.541;-4.611;4.237;normal;head_up;0;1;0;0;0.475;0.000;0.000;0.475;False;0.048;False
218;0;161.150;-4.670;4.228;normal;head_up;0;1;0;0;0.475;0.000;0.000;0.475;False;0.048;False
219;0;161.008;-4.889;4.267;normal;normal;0;0;0;0;0.475;0.000;0.000;0.475;False;0.048;False
220;0;161.355;-4.923;4.222;normal;normal;0;0;0;0;0.475;0.000;0.000;0.475;False;0.048;False
221;0;161.546;-4.417;4.703;normal;normal;0;0;0;0;0.475;0.000;0.000;0.475;False;0.048;False
222;0;161.282;-4.114;4.806;normal;normal;0;0;0;0;0.475;0.000;0.000;0.475;False;0.048;False
223;0;160.860;-4.257;5.168;normal;normal;0;0;0;0;0.475;0.000;0.000;0.475;False;0.048;False
224;0;159.928;-1.657;5.667;normal;normal;0;0;0;0;0.475;0.000;0.000;0.475;False;0.048;False
225;0;158.034;-1.227;5.446;normal;normal;0;0;0;0;0.475;0.000;0.000;0.475;False;0.048;False
226;0;156.790;-3.093;6.207;normal;normal;0;0;0;0;0.475;0.000;0.000;0.475;False;0.048;False
227;0;157.227;-3.208;6.121;normal;normal;0;0;0;0;0.475;0.000;0.000;0.475;False;0.048;False
228;0;157.775;-2.736;5.702;normal;normal;0;0;0;0;0.475;0.000;0.000;0.475;False;0.048;False
229;0;157.989;-2.425;5.366;normal;normal;0;0;0;0;0.475;0.000;0.000;0.475;False;0.048;False
230;0;158.145;-2.447;5.153;normal;normal;0;0;0;0;0.475;0.000;0.000;0.475;False;0.048;False
231;0;157.891;-2.429;5.143;normal;normal;0;0;0;0;0.475;0.000;0.000;0.475;False;0.048;False
232;0;157.756;-2.377;5.159;normal;normal;0;0;0;0;0.475;0.000;0.000;0.475;False;0.048;False
233;0;157.783;-2.308;4.931;normal;normal;0;0;0;0;0.475;0.000;0.000;0.475;False;0.048;False
234;0;157.682;-2.176;4.769;normal;normal;0;0;0;0;0.467;0.000;0.000;0.467;False;0.047;False
235;0;157.457;-2.275;4.771;normal;normal;0;0;0;0;0.458;0.000;0.000;0.458;False;0.046;False
236;0;158.111;-2.137;4.543;normal;normal;0;0;0;0;0.458;0.000;0.000;0.458;False;0.046;False
237;0;159.830;-4.033;4.711;normal;normal;0;0;0;0;0.458;0.000;0.000;0.458;False;0.046;False
238;0;157.791;-2.465;4.713;normal;normal;0;0;0;0;0.450;0.000;0.000;0.450;False;0.045;False
239;0;157.999;-2.443;4.753;normal;normal;0;0;0;0;0.442;0.000;0.000;0.442;False;0.044;False
240;0;158.449;-2.649;4.996;normal;normal;0;0;0;0;0.433;0.000;0.000;0.433;False;0.043;False
241;0;158.156;-2.548;5.016;normal;normal;0;0;0;0;0.425;0.000;0.000;0.425;False;0.043;False
242;0;158.846;-2.114;4.965;normal;normal;0;0;0;0;0.417;0.000;0.000;0.417;False;0.042;False
243;0;159.750;-2.486;5.118;normal;normal;0;0;0;0;0.408;0.000;0.000;0.408;False;0.041;False
244;0;159.637;-2.587;5.145;normal;normal;0;0;0;0;0.400;0.000;0.000;0.400;False;0.040;False
245;0;158.749;-1.928;5.176;normal;normal;0;0;0;0;0.400;0.000;0.000;0.400;False;0.040;False
246;0;158.776;-1.571;5.322;normal;normal;0;0;0;0;0.400;0.000;0.000;0.400;False;0.040;False
247;0;158.880;-1.703;5.278;normal;normal;0;0;0;0;0.400;0.000;0.000;0.400;False;0.040;False
248;0;158.904;-1.683;5.293;normal;normal;0;0;0;0;0.400;0.000;0.000;0.400;False;0.040;False
249;0;158.911;-1.756;5.531;normal;normal;0;0;0;0;0.392;0.000;0.000;0.392;False;0.039;False
250;0;158.992;-1.569;5.425;normal;normal;0;0;0;0;0.383;0.000;0.000;0.383;False;0.038;False
251;0;159.633;-1.985;5.396;normal;normal;0;0;0;0;0.375;0.000;0.000;0.375;False;0.038;False
252;0;159.569;-2.662;5.562;normal;normal;0;0;0;0;0.367;0.000;0.000;0.367;False;0.037;False
253;0;159.522;-2.668;5.546;normal;normal;0;0;0;0;0.358;0.000;0.000;0.358;False;0.036;False
254;0;159.724;-2.371;5.244;normal;normal;0;0;0;0;0.350;0.000;0.000;0.350;False;0.035;False
255;0;158.930;-1.810;5.207;normal;normal;0;0;0;0;0.342;0.000;0.000;0.342;False;0.034;False
256;0;158.930;-1.674;5.053;normal;normal;0;0;0;0;0.333;0.000;0.000;0.333;False;0.033;False
257;0;158.881;-1.622;5.036;normal;normal;0;0;0;0;0.333;0.000;0.000;0.333;False;0.033;False
258;0;158.696;-1.543;5.144;normal;normal;0;0;0;0;0.333;0.000;0.000;0.333;False;0.033;False
259;0;158.706;-1.595;5.157;normal;normal;0;0;0;0;0.333;0.000;0.000;0.333;False;0.033;False
260;0;159.362;-1.740;5.124;normal;normal;0;0;0;0;0.333;0.000;0.000;0.333;False;0.033;False
261;0;159.288;-2.086;5.165;normal;normal;0;0;0;0;0.333;0.000;0.000;0.333;False;0.033;False
262;0;159.188;-2.488;5.070;normal;normal;0;0;0;0;0.333;0.000;0.000;0.333;False;0.033;False
263;0;159.034;-2.517;5.082;normal;normal;0;0;0;0;0.333;0.000;0.000;0.333;False;0.033;False
264;0;159.235;-2.235;4.870;normal;normal;0;0;0;0;0.333;0.000;0.000;0.333;False;0.033;False
265;0;157.477;-1.480;5.339;normal;normal;0;0;0;0;0.333;0.000;0.000;0.333;False;0.033;False
266;0;157.279;-0.798;5.763;head_up;normal;0;0;0;0;0.342;0.000;0.000;0.342;False;0.034;False
267;0;156.706;-4.148;6.920;normal;normal;0;0;0;0;0.342;0.000;0.000;0.342;False;0.034;False
268;0;156.924;-4.243;6.768;normal;normal;0;0;0;0;0.342;0.000;0.000;0.342;False;0.034;False
269;0;157.074;-4.220;6.822;normal;normal;0;0;0;0;0.342;0.000;0.000;0.342;False;0.034;False
270;0;157.298;-4.287;6.838;normal;normal;0;0;0;0;0.342;0.000;0.000;0.342;False;0.034;False
271;0;157.769;-4.536;6.948;normal;normal;0;0;0;0;0.333;0.000;0.000;0.333;False;0.033;False
272;0;157.769;-4.562;6.857;normal;normal;0;0;0;0;0.325;0.000;0.000;0.325;False;0.033;False
273;0;157.669;-4.536;6.860;normal;normal;0;0;0;0;0.317;0.000;0.000;0.317;False;0.032;False
274;0;157.397;-4.599;6.859;normal;normal;0;0;0;0;0.317;0.000;0.000;0.317;False;0.032;False
275;0;157.460;-4.573;6.764;normal;normal;0;0;0;0;0.308;0.000;0.000;0.308;False;0.031;False
276;0;158.563;-1.345;5.926;normal;normal;0;0;0;0;0.308;0.000;0.000;0.308;False;0.031;False
