0.9158878326416016;1.595866;2.139865;0
0.9684542417526244;1.396559;1.905964;0
0.937888205051422;1.536519;1.824028;0
0.9138461351394652;1.358546;1.761739;0
0.9388379454612732;1.536679;1.685893;0
0.9252336621284484;1.426299;1.715637;0
0.905063271522522;1.394091;1.811913;0
0.9587628841400146;2.083635;2.442976;0
0.9636963605880736;1.865237;2.704309;0
1.1351351737976074;2.217838;4.347024;0
1.1695501804351809;3.443209;4.724571;0
1.0446735620498655;4.056439;2.848625;0
0.9801324605941772;2.77665;1.741228;0
0.9677419066429138;1.612409;2.013903;0
1.032894730567932;1.621486;1.808628;0
1.0873786211013794;1.468503;1.846632;0
1.1286174058914185;1.554606;1.880689;0
0.9969512224197388;1.209924;1.809107;0
1.0778815746307373;1.385678;1.441199;0
1.0342679023742676;1.413454;0.941515;0
1.0226536989212036;0.991698;1.148619;0
0.9591194987297058;0.852615;1.371004;0
1.015197515487671;1.055579;1.298762;0
1.0727847814559937;1.278965;1.164885;0
1.0503144264221191;1.080251;1.521118;0
0.9028213024139404;1.216205;1.346989;0
1.028938889503479;1.146692;1.533834;0
0.8819671869277954;1.426306;1.231435;0
1.0645161867141724;1.199631;1.380926;0
1.0786163806915283;1.238494;1.374207;0
1.0803858041763306;1.181224;1.466406;0
1.0426229238510132;1.159685;1.383024;0
