0.9721361994743348;1.057349;0.908125;0
0.9814241528511048;1.023336;1.018015;0
1.0314465761184692;0.700979;0.896925;0
1.0632911920547483;1.109099;1.004556;0
1.0343749523162842;0.703567;0.998752;0
1.047169804573059;0.912233;0.935949;0
1.046875;0.85355;0.917657;0
1.0315457582473757;1.006021;0.826032;0
1.0990712642669678;1.23705;0.875808;0
0.990654230117798;0.978799;1.064405;0
1.0093168020248413;1.128839;1.081446;0
1.0186915397644043;1.252815;1.106898;0
1.015625;0.998661;0.83406;0
1.047169804573059;0.602242;0.632974;0
1.0099010467529297;0.484314;0.675911;0
1.0292208194732666;0.556795;0.61722;0
1.0032894611358645;0.78834;0.440387;0
1.0191693305969238;0.394441;1.084605;0
1.0126984119415283;0.673954;0.595874;0
1.0;0.668703;0.737586;0
0.9967637658119202;0.670429;0.684254;0
1.0065573453903198;0.448064;0.958021;0
1.003164529800415;0.794655;0.53485;0
1.0155279636383057;0.672512;0.880281;0
1.0187499523162842;1.025537;0.946195;0
1.027438998222351;1.49043;0.924925;0
1.0125000476837158;1.157286;1.002389;0
0.981873095035553;1.005807;0.923623;0
1.037383198738098;1.166545;0.916022;0
1.0626959800720217;0.732214;1.196397;0
1.0792683362960815;1.480923;0.984487;0
0.991097927093506;1.142317;0.985371;0
